0,0,0,3.792990110769196,5.016930982446865,540.0
1,0,1,13.203874798915212,16.863064388636516,540.0
2,0,2,23.829330882771,28.197725937500596,540.0
3,0,3,36.90010980077171,38.54736681162705,540.0
4,0,4,53.89065834435919,46.99313915210162,540.0
5,0,5,75.69311554997245,52.1287657374231,540.0
6,0,6,100.37311304998147,52.54518729473353,540.0
7,0,7,122.93496260697384,48.08095325899913,540.0
8,0,8,140.64695324479203,40.07977968001985,540.0
9,0,9,154.24834691885772,29.966150083552275,540.0
10,0,10,165.20073758799305,18.725191850492312,540.0
11,0,11,174.72283645747729,6.958717039639576,540.0
12,0,12,-176.20700988923082,-5.016930982446865,540.0
13,0,13,-166.7961252010848,-16.863064388636516,540.0
14,0,14,-156.170669117229,-28.197725937500596,540.0
15,0,15,-143.0998901992283,-38.54736681162705,540.0
16,0,16,-126.10934165564092,-46.99313915210157,540.0
17,0,17,-104.30688445002757,-52.1287657374231,540.0
18,0,18,-79.62688695001854,-52.54518729473353,540.0
19,0,19,-57.06503739302628,-48.080953258999166,540.0
20,0,20,-39.35304675520799,-40.07977968001985,540.0
21,0,21,-25.75165308114229,-29.966150083552275,540.0
22,0,22,-14.799262412007032,-18.725191850492312,540.0
23,0,23,-5.2771635425227315,-6.958717039639576,540.0
24,1,0,9.264990110769151,5.016930982446869,540.0
25,1,1,18.675874798915213,16.863064388636523,540.0
26,1,2,29.301330882771012,28.197725937500614,540.0
27,1,3,42.37210980077168,38.547366811627064,540.0
28,1,4,59.3626583443591,46.99313915210161,540.0
29,1,5,81.16511554997244,52.12876573742309,540.0
30,1,6,105.84511304998146,52.545187294733516,540.0
31,1,7,128.40696260697382,48.08095325899913,540.0
32,1,8,146.11895324479207,40.079779680019826,540.0
33,1,9,159.72034691885773,29.966150083552293,540.0
34,1,10,170.67273758799305,18.725191850492312,540.0
35,1,11,-179.80516354252276,6.9587170396395726,540.0
36,1,12,-170.73500988923084,-5.016930982446869,540.0
37,1,13,-161.3241252010848,-16.863064388636523,540.0
38,1,14,-150.69866911722892,-28.197725937500593,540.0
39,1,15,-137.62789019922835,-38.547366811627064,540.0
40,1,16,-120.63734165564091,-46.99313915210161,540.0
41,1,17,-98.83488445002757,-52.12876573742309,540.0
42,1,18,-74.15488695001855,-52.545187294733516,540.0
43,1,19,-51.59303739302617,-48.08095325899913,540.0
44,1,20,-33.881046755207954,-40.079779680019826,540.0
45,1,21,-20.279653081142378,-29.966150083552275,540.0
46,1,22,-9.327262412007027,-18.725191850492305,540.0
47,1,23,0.19483645747726008,-6.9587170396395726,540.0
48,2,0,14.70099011076922,5.0169309824468655,540.0
49,2,1,24.111874798915178,16.863064388636527,540.0
50,2,2,34.737330882771055,28.19772593750059,540.0
51,2,3,47.80810980077176,38.547366811627064,540.0
52,2,4,64.79865834435913,46.993139152101605,540.0
53,2,5,86.60111554997238,52.12876573742308,540.0
54,2,6,111.28111304998156,52.545187294733516,540.0
55,2,7,133.8429626069737,48.08095325899913,540.0
56,2,8,151.55495324479205,40.07977968001981,540.0
57,2,9,165.15634691885765,29.96615008355226,540.0
58,2,10,176.10873758799303,18.725191850492312,540.0
59,2,11,-174.36916354252276,6.958717039639575,540.0
60,2,12,-165.2990098892309,-5.016930982446867,540.0
61,2,13,-155.88812520108485,-16.863064388636502,540.0
62,2,14,-145.26266911722894,-28.19772593750059,540.0
63,2,15,-132.19189019922825,-38.547366811627064,540.0
64,2,16,-115.20134165564089,-46.993139152101605,540.0
65,2,17,-93.39888445002762,-52.12876573742308,540.0
66,2,18,-68.71888695001859,-52.545187294733545,540.0
67,2,19,-46.15703739302628,-48.08095325899913,540.0
68,2,20,-28.445046755207997,-40.07977968001987,540.0
69,2,21,-14.843653081142381,-29.9661500835523,540.0
70,2,22,-3.891262412006968,-18.725191850492312,540.0
71,2,23,5.630836457477253,-6.958717039639575,540.0
72,3,0,20.172990110769156,5.016930982446868,540.0
73,3,1,29.58387479891523,16.863064388636516,540.0
74,3,2,40.20933088277101,28.197725937500593,540.0
75,3,3,53.28010980077169,38.54736681162706,540.0
76,3,4,70.2706583443592,46.99313915210156,540.0
77,3,5,92.07311554997248,52.12876573742308,540.0
78,3,6,116.75311304998147,52.545187294733516,540.0
79,3,7,139.31496260697378,48.08095325899909,540.0
80,3,8,157.02695324479208,40.079779680019826,540.0
81,3,9,170.62834691885763,29.96615008355226,540.0
82,3,10,-178.419262412007,18.725191850492312,540.0
83,3,11,-168.89716354252278,6.95871703963957,540.0
84,3,12,-159.82700988923085,-5.016930982446868,540.0
85,3,13,-150.4161252010848,-16.863064388636502,540.0
86,3,14,-139.790669117229,-28.197725937500593,540.0
87,3,15,-126.71989019922832,-38.54736681162706,540.0
88,3,16,-109.72934165564081,-46.99313915210156,540.0
89,3,17,-87.92688445002753,-52.12876573742308,540.0
90,3,18,-63.246886950018556,-52.545187294733516,540.0
91,3,19,-40.6850373930263,-48.08095325899913,540.0
92,3,20,-22.973046755208028,-40.07977968001981,540.0
93,3,21,-9.371653081142373,-29.9661500835523,540.0
94,3,22,1.5807375879930228,-18.725191850492312,540.0
95,3,23,11.102836457477254,-6.95871703963957,540.0
96,4,0,25.608990110769206,5.0169309824468655,540.0
97,4,1,35.01987479891514,16.863064388636513,540.0
98,4,2,45.64533088277104,28.197725937500582,540.0
99,4,3,58.71610980077175,38.54736681162708,540.0
100,4,4,75.70665834435911,46.99313915210158,540.0
101,4,5,97.50911554997244,52.128765737423066,540.0
102,4,6,122.18911304998143,52.54518729473349,540.0
103,4,7,144.75096260697381,48.08095325899913,540.0
104,4,8,162.46295324479203,40.079779680019854,540.0
105,4,9,176.0643469188577,29.966150083552275,540.0
106,4,10,-172.983262412007,18.7251918504923,540.0
107,4,11,-163.46116354252268,6.958717039639567,540.0
108,4,12,-154.39100988923082,-5.0169309824468655,540.0
109,4,13,-144.98012520108486,-16.863064388636513,540.0
110,4,14,-134.35466911722895,-28.197725937500582,540.0
111,4,15,-121.28389019922837,-38.54736681162705,540.0
112,4,16,-104.2933416556409,-46.99313915210158,540.0
113,4,17,-82.49088445002758,-52.128765737423066,540.0
114,4,18,-57.81088695001856,-52.54518729473349,540.0
115,4,19,-35.2490373930262,-48.08095325899913,540.0
116,4,20,-17.53704675520797,-40.079779680019854,540.0
117,4,21,-3.9356530811423154,-29.966150083552275,540.0
118,4,22,7.016737587992984,-18.7251918504923,540.0
119,4,23,16.538836457477235,-6.958717039639571,540.0
120,5,0,31.080990110769168,5.016930982446871,540.0
121,5,1,40.49187479891516,16.863064388636513,540.0
122,5,2,51.11733088277101,28.197725937500596,540.0
123,5,3,64.18810980077176,38.54736681162704,540.0
124,5,4,81.17865834435912,46.99313915210159,540.0
125,5,5,102.98111554997246,52.1287657374231,540.0
126,5,6,127.66111304998152,52.54518729473346,540.0
127,5,7,150.22296260697377,48.08095325899911,540.0
128,5,8,167.93495324479207,40.07977968001985,540.0
129,5,9,-178.4636530811423,29.966150083552268,540.0
130,5,10,-167.51126241200697,18.72519185049229,540.0
131,5,11,-157.9891635425227,6.958717039639567,540.0
132,5,12,-148.91900988923086,-5.016930982446871,540.0
133,5,13,-139.50812520108482,-16.863064388636513,540.0
134,5,14,-128.882669117229,-28.197725937500596,540.0
135,5,15,-115.81189019922826,-38.54736681162704,540.0
136,5,16,-98.82134165564088,-46.99313915210159,540.0
137,5,17,-77.01888445002756,-52.1287657374231,540.0
138,5,18,-52.33888695001859,-52.5451872947335,540.0
139,5,19,-29.777037393026287,-48.08095325899916,540.0
140,5,20,-12.065046755208032,-40.07977968001983,540.0
141,5,21,1.5363469188576158,-29.966150083552268,540.0
142,5,22,12.488737587993034,-18.725191850492315,540.0
143,5,23,22.010836457477293,-6.958717039639567,540.0
144,6,0,36.51699011076916,5.016930982446868,540.0
145,6,1,45.9278747989152,16.86306438863652,540.0
146,6,2,56.553330882770986,28.19772593750059,540.0
147,6,3,69.62410980077173,38.54736681162708,540.0
148,6,4,86.61465834435914,46.99313915210162,540.0
149,6,5,108.41711554997238,52.12876573742306,540.0
150,6,6,133.09711304998154,52.54518729473349,540.0
151,6,7,155.6589626069738,48.08095325899912,540.0
152,6,8,173.37095324479202,40.07977968001984,540.0
153,6,9,-173.02765308114235,29.966150083552275,540.0
154,6,10,-162.075262412007,18.725191850492312,540.0
155,6,11,-152.55316354252273,6.95871703963957,540.0
156,6,12,-143.48300988923086,-5.016930982446868,540.0
157,6,13,-134.07212520108482,-16.86306438863652,540.0
158,6,14,-123.44666911722902,-28.19772593750059,540.0
159,6,15,-110.37589019922828,-38.54736681162708,540.0
160,6,16,-93.38534165564086,-46.993139152101556,540.0
161,6,17,-71.58288445002763,-52.12876573742306,540.0
162,6,18,-46.90288695001855,-52.54518729473353,540.0
163,6,19,-24.341037393026248,-48.08095325899918,540.0
164,6,20,-6.629046755208006,-40.07977968001984,540.0
165,6,21,6.9723469188576646,-29.966150083552275,540.0
166,6,22,17.924737587992997,-18.725191850492312,540.0
167,6,23,27.44683645747727,-6.95871703963957,540.0
168,7,0,41.98899011076923,5.016930982446868,540.0
169,7,1,51.3998747989152,16.86306438863653,540.0
170,7,2,62.02533088277102,28.197725937500582,540.0
171,7,3,75.0961098007718,38.54736681162705,540.0
172,7,4,92.08665834435911,46.99313915210156,540.0
173,7,5,113.8891155499724,52.1287657374231,540.0
174,7,6,138.56911304998152,52.545187294733516,540.0
175,7,7,161.13096260697384,48.0809532589991,540.0
176,7,8,178.84295324479208,40.07977968001985,540.0
177,7,9,-167.5556530811423,29.966150083552275,540.0
178,7,10,-156.60326241200696,18.72519185049229,540.0
179,7,11,-147.08116354252275,6.958717039639572,540.0
180,7,12,-138.0110098892308,-5.016930982446868,540.0
181,7,13,-128.60012520108486,-16.863064388636516,540.0
182,7,14,-117.97466911722898,-28.197725937500582,540.0
183,7,15,-104.90389019922831,-38.547366811627036,540.0
184,7,16,-87.9133416556409,-46.99313915210156,540.0
185,7,17,-66.1108844500275,-52.128765737423066,540.0
186,7,18,-41.43088695001857,-52.545187294733466,540.0
187,7,19,-18.86903739302633,-48.08095325899913,540.0
188,7,20,-1.1570467552080228,-40.07977968001984,540.0
189,7,21,12.444346918857597,-29.966150083552286,540.0
190,7,22,23.396737587992956,-18.7251918504923,540.0
191,7,23,32.918836457477276,-6.958717039639572,540.0
192,8,0,47.42499011076921,5.016930982446869,540.0
193,8,1,56.83587479891518,16.863064388636502,540.0
194,8,2,67.46133088277101,28.197725937500568,540.0
195,8,3,80.5321098007717,38.54736681162706,540.0
196,8,4,97.52265834435914,46.9931391521016,540.0
197,8,5,119.32511554997244,52.128765737423066,540.0
198,8,6,144.0051130499815,52.5451872947335,540.0
199,8,7,166.56696260697382,48.080953258999145,540.0
200,8,8,-175.721046755208,40.07977968001985,540.0
201,8,9,-162.11965308114236,29.966150083552286,540.0
202,8,10,-151.167262412007,18.72519185049229,540.0
203,8,11,-141.6451635425227,6.958717039639576,540.0
204,8,12,-132.5750098892308,-5.016930982446869,540.0
205,8,13,-123.16412520108481,-16.863064388636502,540.0
206,8,14,-112.538669117229,-28.197725937500568,540.0
207,8,15,-99.46789019922831,-38.54736681162706,540.0
208,8,16,-82.47734165564087,-46.9931391521016,540.0
209,8,17,-60.67488445002758,-52.128765737423066,540.0
210,8,18,-35.994886950018504,-52.5451872947335,540.0
211,8,19,-13.43303739302632,-48.08095325899913,540.0
212,8,20,4.278953244792002,-40.07977968001985,540.0
213,8,21,17.880346918857654,-29.966150083552286,540.0
214,8,22,28.83273758799301,-18.72519185049229,540.0
215,8,23,38.3548364574773,-6.958717039639576,540.0
216,9,0,52.896990110769224,5.016930982446868,540.0
217,9,1,62.30787479891524,16.863064388636516,540.0
218,9,2,72.93333088277102,28.19772593750058,540.0
219,9,3,86.00410980077177,38.54736681162708,540.0
220,9,4,102.99465834435922,46.99313915210159,540.0
221,9,5,124.79711554997245,52.12876573742304,540.0
222,9,6,149.4771130499815,52.54518729473349,540.0
223,9,7,172.0389626069738,48.080953258999116,540.0
224,9,8,-170.24904675520798,40.07977968001983,540.0
225,9,9,-156.64765308114232,29.966150083552268,540.0
226,9,10,-145.695262412007,18.725191850492315,540.0
227,9,11,-136.17316354252273,6.958717039639566,540.0
228,9,12,-127.10300988923078,-5.016930982446868,540.0
229,9,13,-117.69212520108483,-16.863064388636502,540.0
230,9,14,-107.06666911722898,-28.19772593750058,540.0
231,9,15,-93.99589019922834,-38.54736681162707,540.0
232,9,16,-77.00534165564092,-46.993139152101605,540.0
233,9,17,-55.202884450027554,-52.12876573742304,540.0
234,9,18,-30.5228869500185,-52.54518729473349,540.0
235,9,19,-7.961037393026199,-48.080953258999116,540.0
236,9,20,9.75095324479201,-40.07977968001983,540.0
237,9,21,23.352346918857684,-29.966150083552268,540.0
238,9,22,34.304737587993,-18.725191850492315,540.0
239,9,23,43.826836457477235,-6.958717039639573,540.0
240,10,0,58.33299011076917,5.016930982446866,540.0
241,10,1,67.74387479891521,16.863064388636516,540.0
242,10,2,78.36933088277102,28.197725937500596,540.0
243,10,3,91.44010980077171,38.547366811627036,540.0
244,10,4,108.43065834435919,46.99313915210157,540.0
245,10,5,130.2331155499724,52.1287657374231,540.0
246,10,6,154.91311304998155,52.54518729473347,540.0
247,10,7,177.47496260697378,48.08095325899913,540.0
248,10,8,-164.813046755208,40.079779680019854,540.0
249,10,9,-151.21165308114232,29.966150083552275,540.0
250,10,10,-140.259262412007,18.72519185049229,540.0
251,10,11,-130.73716354252275,6.958717039639574,540.0
252,10,12,-121.66700988923084,-5.016930982446866,540.0
253,10,13,-112.25612520108487,-16.863064388636513,540.0
254,10,14,-101.63066911722899,-28.197725937500596,540.0
255,10,15,-88.5598901992283,-38.547366811627036,540.0
256,10,16,-71.56934165564083,-46.99313915210157,540.0
257,10,17,-49.76688445002758,-52.1287657374231,540.0
258,10,18,-25.086886950018517,-52.54518729473353,540.0
259,10,19,-2.525037393026231,-48.08095325899913,540.0
260,10,20,15.186953244792004,-40.079779680019854,540.0
261,10,21,28.788346918857613,-29.966150083552293,540.0
262,10,22,39.74073758799302,-18.72519185049229,540.0
263,10,23,49.262836457477256,-6.958717039639574,540.0
264,11,0,63.80499011076919,5.0169309824468655,540.0
265,11,1,73.21587479891518,16.863064388636527,540.0
266,11,2,83.84133088277098,28.19772593750059,540.0
267,11,3,96.91210980077176,38.54736681162706,540.0
268,11,4,113.90265834435912,46.99313915210159,540.0
269,11,5,135.70511554997245,52.128765737423066,540.0
270,11,6,160.38511304998153,52.545187294733466,540.0
271,11,7,-177.05303739302622,48.08095325899913,540.0
272,11,8,-159.34104675520803,40.07977968001984,540.0
273,11,9,-145.73965308114228,29.96615008355228,540.0
274,11,10,-134.78726241200704,18.725191850492305,540.0
275,11,11,-125.26516354252274,6.958717039639572,540.0
276,11,12,-116.1950098892308,-5.0169309824468655,540.0
277,11,13,-106.78412520108483,-16.863064388636527,540.0
278,11,14,-96.15866911722895,-28.19772593750059,540.0
279,11,15,-83.08789019922835,-38.547366811627064,540.0
280,11,16,-66.09734165564089,-46.99313915210159,540.0
281,11,17,-44.29488445002755,-52.128765737423066,540.0
282,11,18,-19.614886950018548,-52.54518729473353,540.0
283,11,19,2.946962606973683,-48.08095325899913,540.0
284,11,20,20.65895324479199,-40.07977968001984,540.0
285,11,21,34.26034691885764,-29.966150083552304,540.0
286,11,22,45.21273758799296,-18.725191850492305,540.0
287,11,23,54.73483645747728,-6.958717039639572,540.0
288,12,0,69.24099011076916,5.016930982446864,540.0
289,12,1,78.65187479891522,16.863064388636527,540.0
290,12,2,89.27733088277104,28.19772593750059,540.0
291,12,3,102.34810980077178,38.54736681162704,540.0
292,12,4,119.3386583443591,46.9931391521016,540.0
293,12,5,141.14111554997234,52.128765737423066,540.0
294,12,6,165.82111304998148,52.54518729473349,540.0
295,12,7,-171.6170373930263,48.08095325899913,540.0
296,12,8,-153.905046755208,40.079779680019826,540.0
297,12,9,-140.30365308114233,29.966150083552268,540.0
298,12,10,-129.351262412007,18.725191850492305,540.0
299,12,11,-119.82916354252274,6.958717039639566,540.0
300,12,12,-110.75900988923085,-5.016930982446864,540.0
301,12,13,-101.34812520108488,-16.863064388636523,540.0
302,12,14,-90.72266911722897,-28.19772593750059,540.0
303,12,15,-77.65189019922833,-38.54736681162705,540.0
304,12,16,-60.6613416556409,-46.9931391521016,540.0
305,12,17,-38.858884450027574,-52.12876573742302,540.0
306,12,18,-14.17888695001851,-52.54518729473349,540.0
307,12,19,8.382962606973727,-48.08095325899913,540.0
308,12,20,26.09495324479201,-40.079779680019826,540.0
309,12,21,39.69634691885767,-29.966150083552268,540.0
310,12,22,50.64873758799302,-18.725191850492305,540.0
311,12,23,60.17083645747724,-6.958717039639574,540.0
312,13,0,74.71299011076923,5.016930982446868,540.0
313,13,1,84.12387479891522,16.863064388636513,540.0
314,13,2,94.74933088277106,28.197725937500593,540.0
315,13,3,107.82010980077173,38.54736681162704,540.0
316,13,4,124.81065834435914,46.9931391521016,540.0
317,13,5,146.61311554997246,52.128765737423066,540.0
318,13,6,171.29311304998157,52.54518729473348,540.0
319,13,7,-166.14503739302617,48.08095325899912,540.0
320,13,8,-148.43304675520793,40.07977968001981,540.0
321,13,9,-134.83165308114226,29.966150083552286,540.0
322,13,10,-123.87926241200692,18.725191850492305,540.0
323,13,11,-114.35716354252267,6.95871703963957,540.0
324,13,12,-105.28700988923079,-5.016930982446868,540.0
325,13,13,-95.87612520108488,-16.863064388636506,540.0
326,13,14,-85.25066911722895,-28.197725937500593,540.0
327,13,15,-72.17989019922828,-38.54736681162704,540.0
328,13,16,-55.18934165564085,-46.9931391521016,540.0
329,13,17,-33.38688445002753,-52.128765737423066,540.0
330,13,18,-8.706886950018582,-52.545187294733545,540.0
331,13,19,13.854962606973714,-48.08095325899913,540.0
332,13,20,31.56695324479197,-40.07977968001985,540.0
333,13,21,45.16834691885766,-29.966150083552318,540.0
334,13,22,56.12073758799295,-18.725191850492312,540.0
335,13,23,65.64283645747723,-6.958717039639575,540.0
336,14,0,80.14899011076919,5.016930982446866,540.0
337,14,1,89.5598747989152,16.863064388636527,540.0
338,14,2,100.18533088277103,28.19772593750059,540.0
339,14,3,113.25610980077171,38.54736681162707,540.0
340,14,4,130.24665834435916,46.99313915210156,540.0
341,14,5,152.0491155499724,52.128765737423066,540.0
342,14,6,176.72911304998152,52.54518729473347,540.0
343,14,7,-160.70903739302628,48.08095325899911,540.0
344,14,8,-142.99704675520795,40.07977968001981,540.0
345,14,9,-129.39565308114229,29.966150083552268,540.0
346,14,10,-118.44326241200703,18.725191850492312,540.0
347,14,11,-108.92116354252275,6.958717039639571,540.0
348,14,12,-99.85100988923082,-5.016930982446866,540.0
349,14,13,-90.4401252010848,-16.863064388636502,540.0
350,14,14,-79.81466911722899,-28.19772593750059,540.0
351,14,15,-66.7438901992283,-38.54736681162707,540.0
352,14,16,-49.753341655640845,-46.99313915210156,540.0
353,14,17,-27.950884450027615,-52.128765737423066,540.0
354,14,18,-3.270886950018614,-52.54518729473353,540.0
355,14,19,19.290962606973743,-48.08095325899911,540.0
356,14,20,37.00295324479199,-40.07977968001985,540.0
357,14,21,50.60434691885767,-29.966150083552304,540.0
358,14,22,61.556737587992984,-18.725191850492312,540.0
359,14,23,71.07883645747727,-6.958717039639571,540.0
360,15,0,85.62099011076923,5.016930982446867,540.0
361,15,1,95.03187479891518,16.863064388636513,540.0
362,15,2,105.65733088277099,28.19772593750058,540.0
363,15,3,118.72810980077173,38.54736681162708,540.0
364,15,4,135.71865834435917,46.99313915210157,540.0
365,15,5,157.52111554997248,52.128765737423066,540.0
366,15,6,-177.79888695001853,52.54518729473348,540.0
367,15,7,-155.23703739302618,48.08095325899915,540.0
368,15,8,-137.52504675520802,40.079779680019826,540.0
369,15,9,-123.9236530811423,29.9661500835523,540.0
370,15,10,-112.97126241200695,18.725191850492315,540.0
371,15,11,-103.44916354252274,6.958717039639576,540.0
372,15,12,-94.37900988923087,-5.016930982446867,540.0
373,15,13,-84.96812520108483,-16.863064388636513,540.0
374,15,14,-74.34266911722894,-28.197725937500564,540.0
375,15,15,-61.27189019922829,-38.54736681162708,540.0
376,15,16,-44.28134165564086,-46.99313915210157,540.0
377,15,17,-22.478884450027515,-52.128765737423066,540.0
378,15,18,2.2011130499814655,-52.54518729473348,540.0
379,15,19,24.762962606973822,-48.08095325899915,540.0
380,15,20,42.474953244791976,-40.079779680019826,540.0
381,15,21,56.07634691885763,-29.966150083552275,540.0
382,15,22,67.02873758799296,-18.72519185049231,540.0
383,15,23,76.55083645747727,-6.958717039639576,540.0
384,16,0,91.05699011076915,5.016930982446869,540.0
385,16,1,100.4678747989152,16.86306438863653,540.0
386,16,2,111.093330882771,28.197725937500593,540.0
387,16,3,124.16410980077177,38.54736681162704,540.0
388,16,4,141.15465834435915,46.99313915210157,540.0
389,16,5,162.9571155499724,52.12876573742308,540.0
390,16,6,-172.3628869500185,52.545187294733516,540.0
391,16,7,-149.8010373930262,48.080953258999095,540.0
392,16,8,-132.08904675520793,40.079779680019826,540.0
393,16,9,-118.48765308114233,29.966150083552286,540.0
394,16,10,-107.53526241200701,18.725191850492305,540.0
395,16,11,-98.01316354252275,6.958717039639574,540.0
396,16,12,-88.94300988923086,-5.016930982446869,540.0
397,16,13,-79.53212520108482,-16.863064388636502,540.0
398,16,14,-68.90666911722901,-28.197725937500593,540.0
399,16,15,-55.83589019922825,-38.54736681162704,540.0
400,16,16,-38.84534165564084,-46.99313915210157,540.0
401,16,17,-17.04288445002759,-52.12876573742308,540.0
402,16,18,7.637113049981394,-52.54518729473353,540.0
403,16,19,30.198962606973687,-48.08095325899913,540.0
404,16,20,47.91095324479194,-40.07977968001983,540.0
405,16,21,61.51234691885769,-29.966150083552286,540.0
406,16,22,72.464737587993,-18.725191850492305,540.0
407,16,23,81.98683645747727,-6.958717039639574,540.0
408,17,0,96.52899011076923,5.016930982446869,540.0
409,17,1,105.93987479891521,16.863064388636516,540.0
410,17,2,116.56533088277102,28.197725937500604,540.0
411,17,3,129.6361098007717,38.54736681162704,540.0
412,17,4,146.62665834435916,46.99313915210156,540.0
413,17,5,168.42911554997238,52.128765737423066,540.0
414,17,6,-166.89088695001848,52.5451872947335,540.0
415,17,7,-144.3290373930262,48.0809532589991,540.0
416,17,8,-126.61704675520797,40.07977968001979,540.0
417,17,9,-113.01565308114236,29.966150083552268,540.0
418,17,10,-102.06326241200698,18.72519185049229,540.0
419,17,11,-92.54116354252271,6.958717039639574,540.0
420,17,12,-83.47100988923079,-5.016930982446869,540.0
421,17,13,-74.0601252010848,-16.863064388636516,540.0
422,17,14,-63.43466911722892,-28.19772593750059,540.0
423,17,15,-50.363890199228294,-38.54736681162704,540.0
424,17,16,-33.37334165564084,-46.99313915210156,540.0
425,17,17,-11.57088445002762,-52.128765737423066,540.0
426,17,18,13.109113049981405,-52.545187294733516,540.0
427,17,19,35.670962606973696,-48.08095325899914,540.0
428,17,20,53.38295324479198,-40.079779680019826,540.0
429,17,21,66.98434691885765,-29.966150083552268,540.0
430,17,22,77.93673758799302,-18.725191850492315,540.0
431,17,23,87.4588364574773,-6.958717039639574,540.0
432,18,0,101.9649901107692,5.016930982446865,540.0
433,18,1,111.37587479891519,16.863064388636516,540.0
434,18,2,122.00133088277106,28.197725937500582,540.0
435,18,3,135.07210980077167,38.547366811627064,540.0
436,18,4,152.06265834435914,46.9931391521016,540.0
437,18,5,173.8651155499724,52.12876573742308,540.0
438,18,6,-161.45488695001848,52.545187294733516,540.0
439,18,7,-138.89303739302628,48.08095325899914,540.0
440,18,8,-121.18104675520796,40.07977968001981,540.0
441,18,9,-107.57965308114235,29.966150083552286,540.0
442,18,10,-96.62726241200703,18.725191850492312,540.0
443,18,11,-87.10516354252273,6.958717039639576,540.0
444,18,12,-78.03500988923082,-5.016930982446865,540.0
445,18,13,-68.62412520108482,-16.863064388636516,540.0
446,18,14,-57.99866911722896,-28.197725937500582,540.0
447,18,15,-44.927890199228315,-38.547366811627064,540.0
448,18,16,-27.937341655640868,-46.9931391521016,540.0
449,18,17,-6.134884450027636,-52.12876573742308,540.0
450,18,18,18.545113049981403,-52.545187294733545,540.0
451,18,19,41.106962606973745,-48.08095325899914,540.0
452,18,20,58.818953244792,-40.079779680019854,540.0
453,18,21,72.42034691885766,-29.966150083552286,540.0
454,18,22,83.37273758799299,-18.725191850492312,540.0
455,18,23,92.89483645747728,-6.958717039639576,540.0
456,19,0,107.43699011076919,5.01693098244687,540.0
457,19,1,116.84787479891516,16.863064388636516,540.0
458,19,2,127.473330882771,28.197725937500568,540.0
459,19,3,140.54410980077168,38.54736681162706,540.0
460,19,4,157.53465834435914,46.9931391521016,540.0
461,19,5,179.33711554997245,52.12876573742304,540.0
462,19,6,-155.98288695001847,52.54518729473351,540.0
463,19,7,-133.42103739302627,48.08095325899913,540.0
464,19,8,-115.70904675520798,40.079779680019826,540.0
465,19,9,-102.1076530811423,29.966150083552268,540.0
466,19,10,-91.15526241200699,18.725191850492294,540.0
467,19,11,-81.63316354252271,6.958717039639576,540.0
468,19,12,-72.56300988923083,-5.01693098244687,540.0
469,19,13,-63.15212520108485,-16.863064388636516,540.0
470,19,14,-52.52666911722895,-28.197725937500596,540.0
471,19,15,-39.45589019922833,-38.54736681162706,540.0
472,19,16,-22.465341655640856,-46.9931391521016,540.0
473,19,17,-0.662884450027539,-52.12876573742304,540.0
474,19,18,24.01711304998152,-52.54518729473351,540.0
475,19,19,46.57896260697372,-48.08095325899913,540.0
476,19,20,64.29095324479204,-40.079779680019826,540.0
477,19,21,77.8923469188576,-29.9661500835523,540.0
478,19,22,88.84473758799302,-18.72519185049232,540.0
479,19,23,98.3668364574773,-6.958717039639576,540.0
480,20,0,112.87299011076921,5.016930982446867,540.0
481,20,1,122.28387479891524,16.863064388636523,540.0
482,20,2,132.90933088277103,28.197725937500593,540.0
483,20,3,145.98010980077171,38.547366811627036,540.0
484,20,4,162.97065834435912,46.99313915210162,540.0
485,20,5,-175.22688445002757,52.12876573742308,540.0
486,20,6,-150.54688695001843,52.545187294733516,540.0
487,20,7,-127.98503739302625,48.08095325899914,540.0
488,20,8,-110.27304675520794,40.079779680019854,540.0
489,20,9,-96.67165308114231,29.966150083552275,540.0
490,20,10,-85.71926241200698,18.72519185049229,540.0
491,20,11,-76.1971635425227,6.95871703963957,540.0
492,20,12,-67.1270098892308,-5.016930982446867,540.0
493,20,13,-57.71612520108483,-16.863064388636502,540.0
494,20,14,-47.090669117229,-28.197725937500593,540.0
495,20,15,-34.01989019922829,-38.547366811627036,540.0
496,20,16,-17.029341655640888,-46.99313915210162,540.0
497,20,17,4.773115549972433,-52.12876573742308,540.0
498,20,18,29.453113049981386,-52.54518729473349,540.0
499,20,19,52.014962606973754,-48.08095325899914,540.0
500,20,20,69.72695324479197,-40.07977968001983,540.0
501,20,21,83.3283469188576,-29.966150083552275,540.0
502,20,22,94.28073758799303,-18.72519185049229,540.0
503,20,23,103.80283645747731,-6.95871703963957,540.0
504,21,0,118.34499011076916,5.016930982446869,540.0
505,21,1,127.7558747989152,16.863064388636516,540.0
506,21,2,138.381330882771,28.197725937500564,540.0
507,21,3,151.4521098007717,38.547366811627064,540.0
508,21,4,168.44265834435913,46.99313915210161,540.0
509,21,5,-169.75488445002767,52.128765737423066,540.0
510,21,6,-145.0748869500185,52.54518729473353,540.0
511,21,7,-122.51303739302624,48.080953258999095,540.0
512,21,8,-104.80104675520802,40.07977968001981,540.0
513,21,9,-91.19965308114236,29.966150083552268,540.0
514,21,10,-80.24726241200696,18.72519185049231,540.0
515,21,11,-70.72516354252276,6.95871703963957,540.0
516,21,12,-61.65500988923084,-5.016930982446869,540.0
517,21,13,-52.2441252010848,-16.863064388636516,540.0
518,21,14,-41.61866911722893,-28.19772593750059,540.0
519,21,15,-28.547890199228313,-38.547366811627064,540.0
520,21,16,-11.557341655640895,-46.99313915210161,540.0
521,21,17,10.24511554997248,-52.128765737423045,540.0
522,21,18,34.92511304998142,-52.54518729473348,540.0
523,21,19,57.486962606973705,-48.08095325899914,540.0
524,21,20,75.198953244792,-40.07977968001981,540.0
525,21,21,88.80034691885764,-29.966150083552268,540.0
526,21,22,99.75273758799295,-18.725191850492312,540.0
527,21,23,109.27483645747724,-6.95871703963957,540.0
528,22,0,123.78099011076918,5.016930982446865,540.0
529,22,1,133.19187479891522,16.863064388636516,540.0
530,22,2,143.817330882771,28.197725937500593,540.0
531,22,3,156.88810980077164,38.54736681162707,540.0
532,22,4,173.8786583443591,46.99313915210161,540.0
533,22,5,-164.31888445002755,52.12876573742308,540.0
534,22,6,-139.63888695001853,52.54518729473347,540.0
535,22,7,-117.07703739302625,48.08095325899912,540.0
536,22,8,-99.365046755208,40.07977968001982,540.0
537,22,9,-85.76365308114235,29.9661500835523,540.0
538,22,10,-74.81126241200695,18.7251918504923,540.0
539,22,11,-65.28916354252273,6.958717039639574,540.0
540,22,12,-56.219009889230826,-5.016930982446865,540.0
541,22,13,-46.80812520108479,-16.863064388636516,540.0
542,22,14,-36.18266911722901,-28.197725937500593,540.0
543,22,15,-23.1118901992283,-38.54736681162703,540.0
544,22,16,-6.1213416556409035,-46.99313915210161,540.0
545,22,17,15.681115549972455,-52.12876573742308,540.0
546,22,18,40.36111304998146,-52.54518729473347,540.0
547,22,19,62.92296260697376,-48.08095325899912,540.0
548,22,20,80.63495324479202,-40.07977968001982,540.0
549,22,21,94.23634691885766,-29.9661500835523,540.0
550,22,22,105.18873758799297,-18.725191850492312,540.0
551,22,23,114.71083645747728,-6.958717039639574,540.0
552,23,0,129.25299011076913,5.016930982446867,540.0
553,23,1,138.6638747989152,16.863064388636516,540.0
554,23,2,149.28933088277103,28.197725937500568,540.0
555,23,3,162.3601098007718,38.547366811627086,540.0
556,23,4,179.35065834435912,46.993139152101605,540.0
557,23,5,-158.84688445002757,52.12876573742308,540.0
558,23,6,-134.1668869500185,52.545187294733516,540.0
559,23,7,-111.60503739302624,48.080953258999116,540.0
560,23,8,-93.893046755208,40.07977968001981,540.0
561,23,9,-80.29165308114227,29.96615008355228,540.0
562,23,10,-69.33926241200702,18.72519185049231,540.0
563,23,11,-59.81716354252274,6.958717039639574,540.0
564,23,12,-50.74700988923086,-5.016930982446867,540.0
565,23,13,-41.33612520108478,-16.863064388636516,540.0
566,23,14,-30.710669117228914,-28.19772593750059,540.0
567,23,15,-17.639890199228326,-38.547366811627064,540.0
568,23,16,-0.6493416556409045,-46.993139152101605,540.0
569,23,17,21.15311554997242,-52.12876573742308,540.0
570,23,18,45.83311304998149,-52.545187294733516,540.0
571,23,19,68.39496260697373,-48.080953258999166,540.0
572,23,20,86.10695324479201,-40.07977968001981,540.0
573,23,21,99.70834691885763,-29.966150083552293,540.0
574,23,22,110.660737587993,-18.72519185049231,540.0
575,23,23,120.18283645747726,-6.958717039639574,540.0
576,24,0,134.68899011076914,5.0169309824468655,540.0
577,24,1,144.09987479891518,16.863064388636523,540.0
578,24,2,154.72533088277103,28.197725937500582,540.0
579,24,3,167.7961098007717,38.54736681162704,540.0
580,24,4,-175.2133416556409,46.993139152101605,540.0
581,24,5,-153.41088445002765,52.128765737423066,540.0
582,24,6,-128.73088695001857,52.545187294733516,540.0
583,24,7,-106.16903739302627,48.08095325899913,540.0
584,24,8,-88.45704675520803,40.07977968001984,540.0
585,24,9,-74.85565308114234,29.966150083552275,540.0
586,24,10,-63.90326241200696,18.72519185049231,540.0
587,24,11,-54.38116354252274,6.958717039639572,540.0
588,24,12,-45.31100988923085,-5.0169309824468655,540.0
589,24,13,-35.90012520108488,-16.863064388636506,540.0
590,24,14,-25.27466911722899,-28.197725937500582,540.0
591,24,15,-12.20389019922832,-38.54736681162704,540.0
592,24,16,4.786658344359096,-46.993139152101605,540.0
593,24,17,26.58911554997246,-52.128765737423045,540.0
594,24,18,51.269113049981435,-52.545187294733516,540.0
595,24,19,73.83096260697374,-48.08095325899913,540.0
596,24,20,91.54295324479199,-40.07977968001984,540.0
597,24,21,105.14434691885768,-29.966150083552275,540.0
598,24,22,116.09673758799296,-18.725191850492315,540.0
599,24,23,125.61883645747727,-6.958717039639572,540.0
600,25,0,140.16099011076915,5.0169309824468655,540.0
601,25,1,149.5718747989152,16.863064388636523,540.0
602,25,2,160.19733088277104,28.197725937500568,540.0
603,25,3,173.26810980077178,38.547366811627064,540.0
604,25,4,-169.74134165564087,46.9931391521016,540.0
605,25,5,-147.93888445002756,52.12876573742306,540.0
606,25,6,-123.25888695001849,52.545187294733495,540.0
607,25,7,-100.69703739302622,48.080953258999095,540.0
608,25,8,-82.98504675520795,40.07977968001981,540.0
609,25,9,-69.38365308114237,29.96615008355228,540.0
610,25,10,-58.431262412007015,18.725191850492312,540.0
611,25,11,-48.909163542522684,6.958717039639574,540.0
612,25,12,-39.83900988923085,-5.0169309824468655,540.0
613,25,13,-30.428125201084807,-16.863064388636523,540.0
614,25,14,-19.802669117228962,-28.197725937500568,540.0
615,25,15,-6.731890199228338,-38.54736681162706,540.0
616,25,16,10.258658344359127,-46.9931391521016,540.0
617,25,17,32.06111554997243,-52.12876573742306,540.0
618,25,18,56.7411130499815,-52.545187294733495,540.0
619,25,19,79.30296260697376,-48.08095325899916,540.0
620,25,20,97.01495324479197,-40.07977968001981,540.0
621,25,21,110.61634691885764,-29.96615008355228,540.0
622,25,22,121.568737587993,-18.725191850492312,540.0
623,25,23,131.09083645747725,-6.958717039639566,540.0
624,26,0,145.59699011076918,5.0169309824468655,540.0
625,26,1,155.00787479891514,16.863064388636516,540.0
626,26,2,165.63333088277102,28.19772593750059,540.0
627,26,3,178.7041098007718,38.54736681162706,540.0
628,26,4,-164.3053416556409,46.99313915210158,540.0
629,26,5,-142.50288445002764,52.128765737423066,540.0
630,26,6,-117.82288695001846,52.54518729473349,540.0
631,26,7,-95.26103739302626,48.08095325899913,540.0
632,26,8,-77.54904675520801,40.079779680019826,540.0
633,26,9,-63.947653081142334,29.966150083552254,540.0
634,26,10,-52.99526241200698,18.72519185049229,540.0
635,26,11,-43.47316354252266,6.958717039639572,540.0
636,26,12,-34.403009889230816,-5.0169309824468655,540.0
637,26,13,-24.992125201084846,-16.863064388636516,540.0
638,26,14,-14.366669117229002,-28.19772593750059,540.0
639,26,15,-1.295890199228335,-38.54736681162706,540.0
640,26,16,15.69465834435912,-46.99313915210158,540.0
641,26,17,37.49711554997237,-52.128765737423066,540.0
642,26,18,62.177113049981486,-52.545187294733545,540.0
643,26,19,84.73896260697376,-48.08095325899913,540.0
644,26,20,102.450953244792,-40.079779680019826,540.0
645,26,21,116.0523469188576,-29.966150083552275,540.0
646,26,22,127.00473758799298,-18.725191850492312,540.0
647,26,23,136.52683645747723,-6.958717039639572,540.0
648,27,0,151.0689901107692,5.01693098244687,540.0
649,27,1,160.4798747989152,16.863064388636506,540.0
650,27,2,171.10533088277106,28.197725937500593,540.0
651,27,3,-175.82389019922826,38.54736681162705,540.0
652,27,4,-158.83334165564088,46.99313915210162,540.0
653,27,5,-137.03088445002754,52.128765737423045,540.0
654,27,6,-112.35088695001848,52.54518729473347,540.0
655,27,7,-89.78903739302616,48.08095325899912,540.0
656,27,8,-72.0770467552079,40.07977968001984,540.0
657,27,9,-58.47565308114228,29.966150083552293,540.0
658,27,10,-47.523262412007035,18.72519185049231,540.0
659,27,11,-38.001163542522725,6.958717039639574,540.0
660,27,12,-28.931009889230797,-5.01693098244687,540.0
661,27,13,-19.520125201084802,-16.863064388636506,540.0
662,27,14,-8.894669117228972,-28.197725937500593,540.0
663,27,15,4.176109800771737,-38.54736681162705,540.0
664,27,16,21.166658344359075,-46.99313915210156,540.0
665,27,17,42.96911554997245,-52.128765737423045,540.0
666,27,18,67.64911304998148,-52.54518729473353,540.0
667,27,19,90.21096260697372,-48.08095325899912,540.0
668,27,20,107.922953244792,-40.079779680019854,540.0
669,27,21,121.52434691885762,-29.96615008355231,540.0
670,27,22,132.47673758799297,-18.72519185049231,540.0
671,27,23,141.9988364574773,-6.958717039639574,540.0
672,28,0,156.50499011076923,5.016930982446868,540.0
673,28,1,165.91587479891527,16.863064388636513,540.0
674,28,2,176.54133088277106,28.197725937500596,540.0
675,28,3,-170.38789019922822,38.54736681162705,540.0
676,28,4,-153.39734165564087,46.993139152101605,540.0
677,28,5,-131.5948844500276,52.12876573742304,540.0
678,28,6,-106.91488695001851,52.54518729473348,540.0
679,28,7,-84.35303739302618,48.0809532589991,540.0
680,28,8,-66.64104675520801,40.07977968001981,540.0
681,28,9,-53.03965308114232,29.966150083552254,540.0
682,28,10,-42.08726241200695,18.725191850492294,540.0
683,28,11,-32.56516354252268,6.958717039639574,540.0
684,28,12,-23.49500988923078,-5.016930982446868,540.0
685,28,13,-14.084125201084838,-16.863064388636502,540.0
686,28,14,-3.4586691172289328,-28.197725937500596,540.0
687,28,15,9.612109800771668,-38.54736681162706,540.0
688,28,16,26.602658344359128,-46.993139152101605,540.0
689,28,17,48.405115549972514,-52.12876573742308,540.0
690,28,18,73.0851130499815,-52.54518729473348,540.0
691,28,19,95.64696260697372,-48.080953258999116,540.0
692,28,20,113.358953244792,-40.07977968001981,540.0
693,28,21,126.9603469188576,-29.966150083552286,540.0
694,28,22,137.91273758799298,-18.725191850492315,540.0
695,28,23,147.43483645747733,-6.958717039639574,540.0
696,29,0,161.9769901107692,5.016930982446866,540.0
697,29,1,171.38787479891522,16.863064388636513,540.0
698,29,2,-177.98666911722896,28.197725937500596,540.0
699,29,3,-164.91589019922824,38.54736681162706,540.0
700,29,4,-147.92534165564084,46.99313915210155,540.0
701,29,5,-126.12288445002761,52.128765737423066,540.0
702,29,6,-101.44288695001846,52.54518729473347,540.0
703,29,7,-78.88103739302619,48.080953258999116,540.0
704,29,8,-61.16904675520798,40.07977968001981,540.0
705,29,9,-47.567653081142296,29.966150083552275,540.0
706,29,10,-36.615262412006956,18.725191850492312,540.0
707,29,11,-27.093163542522724,6.958717039639576,540.0
708,29,12,-18.0230098892308,-5.016930982446866,540.0
709,29,13,-8.61212520108487,-16.863064388636506,540.0
710,29,14,2.0133308827710272,-28.197725937500596,540.0
711,29,15,15.08410980077166,-38.54736681162707,540.0
712,29,16,32.07465834435906,-46.99313915210158,540.0
713,29,17,53.87711554997237,-52.128765737423066,540.0
714,29,18,78.55711304998138,-52.54518729473353,540.0
715,29,19,101.11896260697371,-48.08095325899913,540.0
716,29,20,118.83095324479194,-40.079779680019826,540.0
717,29,21,132.43234691885763,-29.966150083552304,540.0
718,29,22,143.384737587993,-18.725191850492294,540.0
719,29,23,152.90683645747728,-6.958717039639576,540.0
720,30,0,167.41299011076916,5.01693098244687,540.0
721,30,1,176.82387479891517,16.863064388636527,540.0
722,30,2,-172.55066911722898,28.19772593750059,540.0
723,30,3,-159.47989019922824,38.54736681162707,540.0
724,30,4,-142.4893416556409,46.99313915210158,540.0
725,30,5,-120.68688445002765,52.128765737423045,540.0
726,30,6,-96.00688695001858,52.54518729473347,540.0
727,30,7,-73.44503739302618,48.08095325899909,540.0
728,30,8,-55.733046755207965,40.07977968001985,540.0
729,30,9,-42.13165308114234,29.96615008355228,540.0
730,30,10,-31.17926241200697,18.725191850492294,540.0
731,30,11,-21.65716354252275,6.958717039639568,540.0
732,30,12,-12.587009889230831,-5.01693098244687,540.0
733,30,13,-3.1761252010848158,-16.863064388636527,540.0
734,30,14,7.449330882771039,-28.19772593750059,540.0
735,30,15,20.52010980077172,-38.54736681162703,540.0
736,30,16,37.510658344359086,-46.99313915210158,540.0
737,30,17,59.31311554997249,-52.128765737423066,540.0
738,30,18,83.99311304998143,-52.54518729473347,540.0
739,30,19,106.55496260697375,-48.080953258999166,540.0
740,30,20,124.26695324479205,-40.07977968001985,540.0
741,30,21,137.86834691885767,-29.96615008355228,540.0
742,30,22,148.82073758799297,-18.72519185049232,540.0
743,30,23,158.34283645747726,-6.958717039639568,540.0
744,31,0,172.88499011076917,5.016930982446866,540.0
745,31,1,-177.70412520108482,16.86306438863652,540.0
746,31,2,-167.07866911722894,28.197725937500582,540.0
747,31,3,-154.0078901992283,38.547366811627086,540.0
748,31,4,-137.01734165564085,46.993139152101605,540.0
749,31,5,-115.21488445002765,52.128765737423066,540.0
750,31,6,-90.53488695001855,52.545187294733516,540.0
751,31,7,-67.97303739302626,48.08095325899913,540.0
752,31,8,-50.26104675520794,40.07977968001983,540.0
753,31,9,-36.65965308114229,29.966150083552275,540.0
754,31,10,-25.70726241200695,18.725191850492298,540.0
755,31,11,-16.185163542522716,6.958717039639577,540.0
756,31,12,-7.115009889230821,-5.016930982446866,540.0
757,31,13,2.2958747989151838,-16.86306438863652,540.0
758,31,14,12.921330882771072,-28.197725937500582,540.0
759,31,15,25.9921098007717,-38.547366811627086,540.0
760,31,16,42.98265834435917,-46.993139152101605,540.0
761,31,17,64.78511554997249,-52.12876573742308,540.0
762,31,18,89.46511304998147,-52.545187294733516,540.0
763,31,19,112.02696260697375,-48.08095325899913,540.0
764,31,20,129.73895324479204,-40.07977968001983,540.0
765,31,21,143.34034691885765,-29.96615008355231,540.0
766,31,22,154.292737587993,-18.72519185049232,540.0
767,31,23,163.8148364574773,-6.958717039639577,540.0
768,32,0,178.32099011076915,5.016930982446866,540.0
769,32,1,-172.26812520108479,16.863064388636516,540.0
770,32,2,-161.64266911722902,28.197725937500607,540.0
771,32,3,-148.57189019922822,38.54736681162705,540.0
772,32,4,-131.58134165564087,46.99313915210158,540.0
773,32,5,-109.77888445002762,52.128765737423066,540.0
774,32,6,-85.09888695001851,52.5451872947335,540.0
775,32,7,-62.53703739302629,48.08095325899911,540.0
776,32,8,-44.825046755207964,40.07977968001983,540.0
777,32,9,-31.223653081142313,29.96615008355228,540.0
778,32,10,-20.271262412006983,18.72519185049232,540.0
779,32,11,-10.749163542522753,6.958717039639567,540.0
780,32,12,-1.6790098892308463,-5.016930982446866,540.0
781,32,13,7.731874798915133,-16.863064388636516,540.0
782,32,14,18.357330882771073,-28.197725937500596,540.0
783,32,15,31.428109800771683,-38.547366811627086,540.0
784,32,16,48.41865834435913,-46.99313915210158,540.0
785,32,17,70.2211155499724,-52.128765737423066,540.0
786,32,18,94.9011130499815,-52.5451872947335,540.0
787,32,19,117.46296260697373,-48.08095325899911,540.0
788,32,20,135.17495324479202,-40.07977968001983,540.0
789,32,21,148.77634691885768,-29.96615008355228,540.0
790,32,22,159.72873758799295,-18.725191850492312,540.0
791,32,23,169.25083645747725,-6.958717039639567,540.0
792,33,0,-176.20700988923082,5.016930982446865,540.0
793,33,1,-166.7961252010848,16.863064388636516,540.0
794,33,2,-156.170669117229,28.197725937500596,540.0
795,33,3,-143.0998901992283,38.54736681162705,540.0
796,33,4,-126.10934165564092,46.99313915210157,540.0
797,33,5,-104.30688445002757,52.1287657374231,540.0
798,33,6,-79.62688695001854,52.54518729473353,540.0
799,33,7,-57.065037393026174,48.08095325899913,540.0
800,33,8,-39.35304675520799,40.07977968001985,540.0
801,33,9,-25.75165308114229,29.966150083552275,540.0
802,33,10,-14.799262412007032,18.725191850492312,540.0
803,33,11,-5.2771635425227315,6.958717039639576,540.0
804,33,12,3.792990110769196,-5.016930982446865,540.0
805,33,13,13.203874798915212,-16.863064388636516,540.0
806,33,14,23.829330882771,-28.197725937500596,540.0
807,33,15,36.90010980077171,-38.54736681162705,540.0
808,33,16,53.89065834435909,-46.99313915210157,540.0
809,33,17,75.69311554997245,-52.1287657374231,540.0
810,33,18,100.37311304998147,-52.54518729473353,540.0
811,33,19,122.93496260697371,-48.080953258999166,540.0
812,33,20,140.64695324479203,-40.07977968001985,540.0
813,33,21,154.24834691885764,-29.96615008355226,540.0
814,33,22,165.200737587993,-18.725191850492312,540.0
815,33,23,174.72283645747729,-6.958717039639576,540.0
816,34,0,-170.73500988923084,5.016930982446869,540.0
817,34,1,-161.3241252010848,16.863064388636523,540.0
818,34,2,-150.69866911722897,28.197725937500614,540.0
819,34,3,-137.62789019922835,38.547366811627064,540.0
820,34,4,-120.63734165564091,46.99313915210161,540.0
821,34,5,-98.83488445002757,52.12876573742309,540.0
822,34,6,-74.15488695001842,52.545187294733495,540.0
823,34,7,-51.59303739302617,48.08095325899913,540.0
824,34,8,-33.881046755207954,40.079779680019826,540.0
825,34,9,-20.27965308114229,29.966150083552293,540.0
826,34,10,-9.32726241200694,18.725191850492312,540.0
827,34,11,0.19483645747726008,6.9587170396395726,540.0
828,34,12,9.264990110769151,-5.016930982446869,540.0
829,34,13,18.675874798915213,-16.863064388636523,540.0
830,34,14,29.301330882771094,-28.197725937500593,540.0
831,34,15,42.37210980077168,-38.547366811627064,540.0
832,34,16,59.36265834435915,-46.993139152101556,540.0
833,34,17,81.16511554997244,-52.12876573742309,540.0
834,34,18,105.84511304998146,-52.545187294733516,540.0
835,34,19,128.40696260697382,-48.08095325899913,540.0
836,34,20,146.11895324479207,-40.079779680019826,540.0
837,34,21,159.72034691885762,-29.966150083552275,540.0
838,34,22,170.672737587993,-18.725191850492305,540.0
839,34,23,-179.80516354252276,-6.9587170396395726,540.0
840,35,0,-165.2990098892309,5.016930982446867,540.0
841,35,1,-155.88812520108485,16.863064388636527,540.0
842,35,2,-145.26266911722894,28.19772593750059,540.0
843,35,3,-132.19189019922825,38.547366811627064,540.0
844,35,4,-115.20134165564089,46.993139152101605,540.0
845,35,5,-93.39888445002762,52.12876573742308,540.0
846,35,6,-68.71888695001851,52.54518729473345,540.0
847,35,7,-46.15703739302628,48.08095325899913,540.0
848,35,8,-28.44504675520794,40.07977968001981,540.0
849,35,9,-14.843653081142357,29.96615008355226,540.0
850,35,10,-3.891262412006968,18.725191850492312,540.0
851,35,11,5.630836457477253,6.958717039639575,540.0
852,35,12,14.70099011076914,-5.016930982446867,540.0
853,35,13,24.111874798915146,-16.863064388636502,540.0
854,35,14,34.737330882771055,-28.19772593750059,540.0
855,35,15,47.80810980077169,-38.547366811627036,540.0
856,35,16,64.79865834435913,-46.993139152101605,540.0
857,35,17,86.60111554997238,-52.12876573742308,540.0
858,35,18,111.28111304998137,-52.54518729473347,540.0
859,35,19,133.8429626069737,-48.08095325899913,540.0
860,35,20,151.55495324479202,-40.07977968001987,540.0
861,35,21,165.15634691885762,-29.9661500835523,540.0
862,35,22,176.10873758799295,-18.725191850492312,540.0
863,35,23,-174.36916354252276,-6.958717039639575,540.0
864,36,0,-159.82700988923085,5.016930982446868,540.0
865,36,1,-150.41612520108478,16.863064388636516,540.0
866,36,2,-139.790669117229,28.197725937500593,540.0
867,36,3,-126.71989019922832,38.54736681162706,540.0
868,36,4,-109.72934165564081,46.99313915210156,540.0
869,36,5,-87.92688445002753,52.12876573742308,540.0
870,36,6,-63.246886950018556,52.545187294733516,540.0
871,36,7,-40.68503739302622,48.08095325899909,540.0
872,36,8,-22.97304675520793,40.079779680019826,540.0
873,36,9,-9.371653081142359,29.96615008355226,540.0
874,36,10,1.5807375879930228,18.725191850492312,540.0
875,36,11,11.102836457477254,6.95871703963957,540.0
876,36,12,20.172990110769156,-5.016930982446868,540.0
877,36,13,29.58387479891511,-16.863064388636513,540.0
878,36,14,40.20933088277101,-28.197725937500593,540.0
879,36,15,53.28010980077169,-38.54736681162706,540.0
880,36,16,70.2706583443592,-46.99313915210156,540.0
881,36,17,92.07311554997248,-52.12876573742308,540.0
882,36,18,116.75311304998147,-52.545187294733516,540.0
883,36,19,139.31496260697372,-48.08095325899913,540.0
884,36,20,157.02695324479197,-40.07977968001981,540.0
885,36,21,170.62834691885763,-29.9661500835523,540.0
886,36,22,-178.419262412007,-18.725191850492312,540.0
887,36,23,-168.89716354252278,-6.95871703963957,540.0
888,37,0,-154.39100988923087,5.016930982446868,540.0
889,37,1,-144.98012520108486,16.863064388636513,540.0
890,37,2,-134.35466911722895,28.197725937500582,540.0
891,37,3,-121.28389019922827,38.54736681162708,540.0
892,37,4,-104.2933416556409,46.99313915210158,540.0
893,37,5,-82.49088445002758,52.128765737423066,540.0
894,37,6,-57.81088695001856,52.54518729473349,540.0
895,37,7,-35.2490373930262,48.08095325899913,540.0
896,37,8,-17.53704675520797,40.079779680019854,540.0
897,37,9,-3.9356530811423154,29.966150083552275,540.0
898,37,10,7.016737587992984,18.7251918504923,540.0
899,37,11,16.538836457477235,6.958717039639571,540.0
900,37,12,25.608990110769135,-5.016930982446868,540.0
901,37,13,35.01987479891514,-16.863064388636513,540.0
902,37,14,45.64533088277104,-28.197725937500582,540.0
903,37,15,58.716109800771655,-38.54736681162705,540.0
904,37,16,75.70665834435911,-46.99313915210158,540.0
905,37,17,97.50911554997244,-52.128765737423066,540.0
906,37,18,122.18911304998143,-52.54518729473349,540.0
907,37,19,144.75096260697381,-48.08095325899913,540.0
908,37,20,162.46295324479203,-40.079779680019854,540.0
909,37,21,176.0643469188577,-29.966150083552275,540.0
910,37,22,-172.983262412007,-18.7251918504923,540.0
911,37,23,-163.46116354252277,-6.958717039639571,540.0
912,38,0,-148.91900988923086,5.016930982446871,540.0
913,38,1,-139.50812520108482,16.863064388636513,540.0
914,38,2,-128.882669117229,28.197725937500596,540.0
915,38,3,-115.81189019922826,38.54736681162704,540.0
916,38,4,-98.82134165564088,46.99313915210159,540.0
917,38,5,-77.0188844500276,52.12876573742303,540.0
918,38,6,-52.33888695001859,52.5451872947335,540.0
919,38,7,-29.77703739302623,48.08095325899911,540.0
920,38,8,-12.065046755208032,40.07977968001983,540.0
921,38,9,1.5363469188576158,29.966150083552268,540.0
922,38,10,12.488737587993015,18.72519185049229,540.0
923,38,11,22.010836457477293,6.958717039639567,540.0
924,38,12,31.080990110769168,-5.016930982446871,540.0
925,38,13,40.49187479891516,-16.863064388636513,540.0
926,38,14,51.11733088277101,-28.197725937500596,540.0
927,38,15,64.18810980077166,-38.54736681162703,540.0
928,38,16,81.17865834435912,-46.99313915210159,540.0
929,38,17,102.98111554997246,-52.1287657374231,540.0
930,38,18,127.66111304998142,-52.5451872947335,540.0
931,38,19,150.22296260697374,-48.08095325899916,540.0
932,38,20,167.93495324479198,-40.07977968001983,540.0
933,38,21,-178.4636530811424,-29.966150083552268,540.0
934,38,22,-167.51126241200708,-18.725191850492298,540.0
935,38,23,-157.9891635425228,-6.958717039639572,540.0
936,39,0,-143.48300988923086,5.016930982446868,540.0
937,39,1,-134.07212520108482,16.86306438863652,540.0
938,39,2,-123.44666911722902,28.19772593750059,540.0
939,39,3,-110.37589019922828,38.54736681162708,540.0
940,39,4,-93.38534165564087,46.99313915210162,540.0
941,39,5,-71.58288445002763,52.12876573742306,540.0
942,39,6,-46.90288695001845,52.54518729473349,540.0
943,39,7,-24.341037393026195,48.08095325899912,540.0
944,39,8,-6.629046755208006,40.07977968001984,540.0
945,39,9,6.9723469188576646,29.966150083552275,540.0
946,39,10,17.924737587992997,18.725191850492312,540.0
947,39,11,27.44683645747727,6.95871703963957,540.0
948,39,12,36.51699011076916,-5.016930982446868,540.0
949,39,13,45.92787479891515,-16.863064388636502,540.0
950,39,14,56.553330882770986,-28.19772593750059,540.0
951,39,15,69.62410980077163,-38.54736681162706,540.0
952,39,16,86.61465834435914,-46.99313915210162,540.0
953,39,17,108.41711554997238,-52.12876573742306,540.0
954,39,18,133.09711304998146,-52.54518729473353,540.0
955,39,19,155.65896260697366,-48.080953258999145,540.0
956,39,20,173.37095324479202,-40.07977968001984,540.0
957,39,21,-173.02765308114235,-29.966150083552275,540.0
958,39,22,-162.075262412007,-18.725191850492312,540.0
959,39,23,-152.55316354252273,-6.95871703963957,540.0
960,40,0,-138.0110098892308,5.016930982446868,540.0
961,40,1,-128.6001252010848,16.86306438863653,540.0
962,40,2,-117.97466911722898,28.197725937500582,540.0
963,40,3,-104.90389019922821,38.54736681162705,540.0
964,40,4,-87.9133416556409,46.99313915210156,540.0
965,40,5,-66.11088445002761,52.1287657374231,540.0
966,40,6,-41.43088695001846,52.545187294733516,540.0
967,40,7,-18.869037393026172,48.0809532589991,540.0
968,40,8,-1.1570467552079142,40.07977968001985,540.0
969,40,9,12.44434691885769,29.966150083552275,540.0
970,40,10,23.396737587993034,18.72519185049229,540.0
971,40,11,32.918836457477276,6.958717039639572,540.0
972,40,12,41.98899011076923,-5.016930982446868,540.0
973,40,13,51.39987479891513,-16.863064388636516,540.0
974,40,14,62.02533088277102,-28.197725937500582,540.0
975,40,15,75.0961098007717,-38.547366811627036,540.0
976,40,16,92.08665834435911,-46.99313915210156,540.0
977,40,17,113.88911554997252,-52.128765737423066,540.0
978,40,18,138.56911304998144,-52.545187294733466,540.0
979,40,19,161.1309626069737,-48.08095325899913,540.0
980,40,20,178.842953244792,-40.07977968001984,540.0
981,40,21,-167.5556530811424,-29.966150083552286,540.0
982,40,22,-156.60326241200704,-18.7251918504923,540.0
983,40,23,-147.08116354252275,-6.958717039639572,540.0
984,41,0,-132.5750098892308,5.016930982446869,540.0
985,41,1,-123.16412520108481,16.863064388636502,540.0
986,41,2,-112.538669117229,28.197725937500568,540.0
987,41,3,-99.46789019922831,38.54736681162706,540.0
988,41,4,-82.47734165564087,46.9931391521016,540.0
989,41,5,-60.67488445002758,52.128765737423066,540.0
990,41,6,-35.994886950018504,52.5451872947335,540.0
991,41,7,-13.433037393026199,48.080953258999145,540.0
992,41,8,4.278953244792002,40.07977968001985,540.0
993,41,9,17.880346918857654,29.966150083552286,540.0
994,41,10,28.83273758799301,18.72519185049229,540.0
995,41,11,38.3548364574773,6.958717039639576,540.0
996,41,12,47.42499011076921,-5.016930982446869,540.0
997,41,13,56.83587479891518,-16.863064388636502,540.0
998,41,14,67.46133088277101,-28.197725937500568,540.0
999,41,15,80.5321098007717,-38.54736681162706,540.0
1000,41,16,97.52265834435914,-46.9931391521016,540.0
1001,41,17,119.32511554997244,-52.128765737423066,540.0
1002,41,18,144.0051130499815,-52.5451872947335,540.0
1003,41,19,166.56696260697368,-48.08095325899913,540.0
1004,41,20,-175.721046755208,-40.07977968001985,540.0
1005,41,21,-162.11965308114236,-29.966150083552286,540.0
1006,41,22,-151.167262412007,-18.72519185049229,540.0
1007,41,23,-141.6451635425227,-6.958717039639576,540.0
1008,42,0,-127.10300988923085,5.016930982446864,540.0
1009,42,1,-117.69212520108483,16.863064388636502,540.0
1010,42,2,-107.06666911722898,28.19772593750058,540.0
1011,42,3,-93.99589019922834,38.54736681162707,540.0
1012,42,4,-77.00534165564092,46.993139152101605,540.0
1013,42,5,-55.202884450027675,52.128765737423066,540.0
1014,42,6,-30.5228869500185,52.54518729473349,540.0
1015,42,7,-7.961037393026199,48.080953258999116,540.0
1016,42,8,9.75095324479201,40.07977968001983,540.0
1017,42,9,23.352346918857684,29.966150083552268,540.0
1018,42,10,34.304737587993,18.725191850492315,540.0
1019,42,11,43.826836457477235,6.958717039639573,540.0
1020,42,12,52.89699011076916,-5.016930982446864,540.0
1021,42,13,62.307874798915165,-16.863064388636502,540.0
1022,42,14,72.93333088277102,-28.19772593750058,540.0
1023,42,15,86.00410980077167,-38.54736681162707,540.0
1024,42,16,102.9946583443591,-46.993139152101605,540.0
1025,42,17,124.79711554997245,-52.12876573742304,540.0
1026,42,18,149.4771130499815,-52.54518729473349,540.0
1027,42,19,172.03896260697368,-48.08095325899911,540.0
1028,42,20,-170.24904675520798,-40.07977968001983,540.0
1029,42,21,-156.6476530811424,-29.966150083552293,540.0
1030,42,22,-145.695262412007,-18.725191850492315,540.0
1031,42,23,-136.1731635425228,-6.958717039639573,540.0
1032,43,0,-121.66700988923084,5.016930982446866,540.0
1033,43,1,-112.25612520108479,16.863064388636516,540.0
1034,43,2,-101.63066911722896,28.197725937500564,540.0
1035,43,3,-88.5598901992283,38.547366811627036,540.0
1036,43,4,-71.56934165564083,46.99313915210157,540.0
1037,43,5,-49.76688445002758,52.1287657374231,540.0
1038,43,6,-25.086886950018464,52.54518729473347,540.0
1039,43,7,-2.525037393026231,48.08095325899913,540.0
1040,43,8,15.186953244792004,40.079779680019854,540.0
1041,43,9,28.788346918857695,29.966150083552275,540.0
1042,43,10,39.74073758799307,18.725191850492312,540.0
1043,43,11,49.262836457477256,6.958717039639574,540.0
1044,43,12,58.33299011076917,-5.016930982446866,540.0
1045,43,13,67.74387479891514,-16.863064388636513,540.0
1046,43,14,78.36933088277102,-28.197725937500596,540.0
1047,43,15,91.44010980077171,-38.547366811627036,540.0
1048,43,16,108.43065834435919,-46.99313915210157,540.0
1049,43,17,130.2331155499724,-52.1287657374231,540.0
1050,43,18,154.9131130499815,-52.54518729473353,540.0
1051,43,19,177.47496260697378,-48.08095325899913,540.0
1052,43,20,-164.813046755208,-40.079779680019854,540.0
1053,43,21,-151.2116530811424,-29.966150083552293,540.0
1054,43,22,-140.259262412007,-18.72519185049229,540.0
1055,43,23,-130.73716354252275,-6.958717039639574,540.0
1056,44,0,-116.1950098892308,5.0169309824468655,540.0
1057,44,1,-106.78412520108483,16.863064388636527,540.0
1058,44,2,-96.15866911722904,28.19772593750059,540.0
1059,44,3,-83.08789019922826,38.54736681162706,540.0
1060,44,4,-66.09734165564089,46.99313915210159,540.0
1061,44,5,-44.29488445002755,52.128765737423066,540.0
1062,44,6,-19.614886950018505,52.545187294733466,540.0
1063,44,7,2.946962606973807,48.08095325899913,540.0
1064,44,8,20.65895324479199,40.07977968001984,540.0
1065,44,9,34.26034691885772,29.96615008355228,540.0
1066,44,10,45.21273758799296,18.725191850492305,540.0
1067,44,11,54.73483645747728,6.958717039639572,540.0
1068,44,12,63.80499011076919,-5.0169309824468655,540.0
1069,44,13,73.21587479891518,-16.863064388636527,540.0
1070,44,14,83.84133088277106,-28.19772593750059,540.0
1071,44,15,96.91210980077176,-38.54736681162706,540.0
1072,44,16,113.90265834435912,-46.99313915210159,540.0
1073,44,17,135.70511554997245,-52.128765737423066,540.0
1074,44,18,160.38511304998147,-52.54518729473353,540.0
1075,44,19,-177.05303739302633,-48.08095325899913,540.0
1076,44,20,-159.34104675520803,-40.07977968001984,540.0
1077,44,21,-145.73965308114236,-29.966150083552304,540.0
1078,44,22,-134.78726241200704,-18.725191850492305,540.0
1079,44,23,-125.26516354252274,-6.958717039639572,540.0
1080,45,0,-110.75900988923088,5.016930982446869,540.0
1081,45,1,-101.34812520108488,16.863064388636523,540.0
1082,45,2,-90.72266911722897,28.19772593750059,540.0
1083,45,3,-77.65189019922833,38.54736681162705,540.0
1084,45,4,-60.6613416556409,46.9931391521016,540.0
1085,45,5,-38.85888445002766,52.128765737423066,540.0
1086,45,6,-14.17888695001851,52.54518729473349,540.0
1087,45,7,8.382962606973727,48.08095325899913,540.0
1088,45,8,26.09495324479201,40.079779680019826,540.0
1089,45,9,39.69634691885767,29.966150083552268,540.0
1090,45,10,50.64873758799302,18.725191850492305,540.0
1091,45,11,60.17083645747724,6.958717039639574,540.0
1092,45,12,69.24099011076913,-5.016930982446869,540.0
1093,45,13,78.65187479891513,-16.863064388636523,540.0
1094,45,14,89.27733088277104,-28.19772593750059,540.0
1095,45,15,102.34810980077167,-38.54736681162705,540.0
1096,45,16,119.3386583443591,-46.9931391521016,540.0
1097,45,17,141.14111554997234,-52.128765737423066,540.0
1098,45,18,165.82111304998148,-52.54518729473349,540.0
1099,45,19,-171.6170373930263,-48.08095325899913,540.0
1100,45,20,-153.905046755208,-40.079779680019826,540.0
1101,45,21,-140.30365308114241,-29.966150083552293,540.0
1102,45,22,-129.351262412007,-18.725191850492305,540.0
1103,45,23,-119.82916354252278,-6.958717039639574,540.0
1104,46,0,-105.28700988923079,5.016930982446868,540.0
1105,46,1,-95.87612520108479,16.863064388636513,540.0
1106,46,2,-85.25066911722895,28.197725937500593,540.0
1107,46,3,-72.17989019922828,38.54736681162704,540.0
1108,46,4,-55.18934165564085,46.9931391521016,540.0
1109,46,5,-33.38688445002753,52.128765737423066,540.0
1110,46,6,-8.706886950018427,52.54518729473348,540.0
1111,46,7,13.854962606973835,48.08095325899912,540.0
1112,46,8,31.566953244792067,40.07977968001981,540.0
1113,46,9,45.16834691885773,29.966150083552286,540.0
1114,46,10,56.12073758799307,18.725191850492305,540.0
1115,46,11,65.64283645747734,6.95871703963957,540.0
1116,46,12,74.71299011076923,-5.016930982446868,540.0
1117,46,13,84.12387479891522,-16.863064388636513,540.0
1118,46,14,94.74933088277106,-28.197725937500593,540.0
1119,46,15,107.82010980077173,-38.54736681162704,540.0
1120,46,16,124.81065834435914,-46.9931391521016,540.0
1121,46,17,146.61311554997246,-52.128765737423066,540.0
1122,46,18,171.29311304998146,-52.54518729473347,540.0
1123,46,19,-166.14503739302629,-48.08095325899913,540.0
1124,46,20,-148.43304675520804,-40.07977968001985,540.0
1125,46,21,-134.83165308114235,-29.966150083552318,540.0
1126,46,22,-123.87926241200698,-18.725191850492326,540.0
1127,46,23,-114.35716354252274,-6.958717039639566,540.0
1128,47,0,-99.85100988923082,5.016930982446866,540.0
1129,47,1,-90.4401252010848,16.863064388636527,540.0
1130,47,2,-79.81466911722899,28.19772593750059,540.0
1131,47,3,-66.7438901992283,38.54736681162707,540.0
1132,47,4,-49.753341655640845,46.99313915210156,540.0
1133,47,5,-27.950884450027615,52.128765737423066,540.0
1134,47,6,-3.2708869500184696,52.54518729473347,540.0
1135,47,7,19.290962606973743,48.08095325899911,540.0
1136,47,8,37.00295324479199,40.07977968001985,540.0
1137,47,9,50.60434691885767,29.966150083552304,540.0
1138,47,10,61.556737587992984,18.725191850492312,540.0
1139,47,11,71.07883645747727,6.958717039639571,540.0
1140,47,12,80.14899011076919,-5.016930982446866,540.0
1141,47,13,89.55987479891512,-16.863064388636502,540.0
1142,47,14,100.18533088277103,-28.19772593750059,540.0
1143,47,15,113.25610980077171,-38.54736681162707,540.0
1144,47,16,130.24665834435916,-46.99313915210156,540.0
1145,47,17,152.0491155499724,-52.128765737423066,540.0
1146,47,18,176.7291130499814,-52.54518729473353,540.0
1147,47,19,-160.70903739302628,-48.08095325899911,540.0
1148,47,20,-142.997046755208,-40.07977968001985,540.0
1149,47,21,-129.39565308114234,-29.966150083552304,540.0
1150,47,22,-118.44326241200703,-18.725191850492312,540.0
1151,47,23,-108.92116354252275,-6.958717039639571,540.0
1152,48,0,-94.37900988923087,5.016930982446867,540.0
1153,48,1,-84.96812520108483,16.863064388636513,540.0
1154,48,2,-74.34266911722902,28.19772593750058,540.0
1155,48,3,-61.27189019922829,38.54736681162708,540.0
1156,48,4,-44.28134165564086,46.99313915210157,540.0
1157,48,5,-22.47888445002764,52.12876573742304,540.0
1158,48,6,2.2011130499814655,52.54518729473348,540.0
1159,48,7,24.762962606973822,48.08095325899915,540.0
1160,48,8,42.474953244791976,40.079779680019826,540.0
1161,48,9,56.07634691885763,29.966150083552275,540.0
1162,48,10,67.02873758799296,18.72519185049231,540.0
1163,48,11,76.55083645747727,6.958717039639576,540.0
1164,48,12,85.62099011076914,-5.016930982446867,540.0
1165,48,13,95.03187479891518,-16.863064388636513,540.0
1166,48,14,105.65733088277099,-28.19772593750058,540.0
1167,48,15,118.72810980077169,-38.547366811627036,540.0
1168,48,16,135.71865834435917,-46.99313915210157,540.0
1169,48,17,157.52111554997248,-52.128765737423066,540.0
1170,48,18,-177.79888695001853,-52.54518729473348,540.0
1171,48,19,-155.23703739302636,-48.08095325899912,540.0
1172,48,20,-137.52504675520802,-40.079779680019826,540.0
1173,48,21,-123.92365308114238,-29.966150083552275,540.0
1174,48,22,-112.97126241200704,-18.72519185049231,540.0
1175,48,23,-103.44916354252283,-6.958717039639574,540.0
1176,49,0,-88.9430098892308,5.016930982446869,540.0
1177,49,1,-79.5321252010848,16.86306438863653,540.0
1178,49,2,-68.90666911722901,28.197725937500593,540.0
1179,49,3,-55.83589019922825,38.54736681162704,540.0
1180,49,4,-38.84534165564084,46.99313915210157,540.0
1181,49,5,-17.04288445002759,52.12876573742308,540.0
1182,49,6,7.637113049981529,52.545187294733516,540.0
1183,49,7,30.198962606973794,48.080953258999095,540.0
1184,49,8,47.9109532447921,40.079779680019826,540.0
1185,49,9,61.51234691885769,29.966150083552286,540.0
1186,49,10,72.464737587993,18.725191850492305,540.0
1187,49,11,81.98683645747727,6.958717039639574,540.0
1188,49,12,91.05699011076922,-5.016930982446869,540.0
1189,49,13,100.46787479891519,-16.863064388636502,540.0
1190,49,14,111.093330882771,-28.197725937500593,540.0
1191,49,15,124.16410980077177,-38.54736681162704,540.0
1192,49,16,141.15465834435915,-46.99313915210157,540.0
1193,49,17,162.9571155499724,-52.12876573742308,540.0
1194,49,18,-172.3628869500186,-52.54518729473353,540.0
1195,49,19,-149.80103739302632,-48.08095325899913,540.0
1196,49,20,-132.08904675520807,-40.07977968001983,540.0
1197,49,21,-118.48765308114233,-29.966150083552286,540.0
1198,49,22,-107.53526241200701,-18.725191850492305,540.0
1199,49,23,-98.01316354252275,-6.958717039639574,540.0
1200,50,0,-83.47100988923087,5.016930982446869,540.0
1201,50,1,-74.0601252010848,16.863064388636516,540.0
1202,50,2,-63.434669117229,28.197725937500604,540.0
1203,50,3,-50.363890199228294,38.54736681162704,540.0
1204,50,4,-33.37334165564084,46.99313915210156,540.0
1205,50,5,-11.57088445002762,52.128765737423066,540.0
1206,50,6,13.109113049981538,52.5451872947335,540.0
1207,50,7,35.6709626069738,48.0809532589991,540.0
1208,50,8,53.38295324479198,40.079779680019826,540.0
1209,50,9,66.98434691885765,29.966150083552268,540.0
1210,50,10,77.93673758799304,18.72519185049229,540.0
1211,50,11,87.4588364574773,6.958717039639574,540.0
1212,50,12,96.52899011076914,-5.016930982446869,540.0
1213,50,13,105.93987479891521,-16.863064388636516,540.0
1214,50,14,116.56533088277102,-28.197725937500604,540.0
1215,50,15,129.6361098007717,-38.54736681162704,540.0
1216,50,16,146.62665834435916,-46.99313915210156,540.0
1217,50,17,168.42911554997238,-52.128765737423066,540.0
1218,50,18,-166.8908869500186,-52.545187294733516,540.0
1219,50,19,-144.32903739302628,-48.08095325899914,540.0
1220,50,20,-126.61704675520804,-40.079779680019826,540.0
1221,50,21,-113.01565308114236,-29.966150083552268,540.0
1222,50,22,-102.06326241200708,-18.725191850492312,540.0
1223,50,23,-92.54116354252278,-6.958717039639573,540.0
1224,51,0,-78.03500988923082,5.016930982446865,540.0
1225,51,1,-68.62412520108482,16.863064388636516,540.0
1226,51,2,-57.99866911722896,28.197725937500582,540.0
1227,51,3,-44.927890199228315,38.547366811627064,540.0
1228,51,4,-27.937341655640868,46.9931391521016,540.0
1229,51,5,-6.134884450027636,52.12876573742308,540.0
1230,51,6,18.54511304998153,52.545187294733516,540.0
1231,51,7,41.10696260697384,48.0809532589991,540.0
1232,51,8,58.81895324479206,40.07977968001981,540.0
1233,51,9,72.42034691885766,29.966150083552286,540.0
1234,51,10,83.37273758799307,18.725191850492312,540.0
1235,51,11,92.89483645747728,6.958717039639576,540.0
1236,51,12,101.9649901107692,-5.016930982446865,540.0
1237,51,13,111.37587479891519,-16.863064388636516,540.0
1238,51,14,122.00133088277106,-28.197725937500582,540.0
1239,51,15,135.07210980077167,-38.547366811627064,540.0
1240,51,16,152.06265834435914,-46.9931391521016,540.0
1241,51,17,173.8651155499725,-52.12876573742309,540.0
1242,51,18,-161.45488695001848,-52.545187294733516,540.0
1243,51,19,-138.89303739302628,-48.08095325899914,540.0
1244,51,20,-121.18104675520802,-40.079779680019854,540.0
1245,51,21,-107.57965308114235,-29.966150083552286,540.0
1246,51,22,-96.62726241200703,-18.725191850492312,540.0
1247,51,23,-87.10516354252273,-6.958717039639576,540.0
1248,52,0,-72.56300988923083,5.01693098244687,540.0
1249,52,1,-63.15212520108485,16.863064388636516,540.0
1250,52,2,-52.52666911722901,28.197725937500568,540.0
1251,52,3,-39.45589019922833,38.54736681162706,540.0
1252,52,4,-22.465341655640856,46.9931391521016,540.0
1253,52,5,-0.662884450027539,52.12876573742304,540.0
1254,52,6,24.01711304998152,52.54518729473351,540.0
1255,52,7,46.57896260697372,48.08095325899913,540.0
1256,52,8,64.29095324479204,40.079779680019826,540.0
1257,52,9,77.89234691885771,29.966150083552268,540.0
1258,52,10,88.84473758799302,18.725191850492294,540.0
1259,52,11,98.3668364574773,6.958717039639576,540.0
1260,52,12,107.43699011076919,-5.01693098244687,540.0
1261,52,13,116.84787479891516,-16.863064388636516,540.0
1262,52,14,127.47333088277107,-28.197725937500596,540.0
1263,52,15,140.54410980077168,-38.54736681162706,540.0
1264,52,16,157.53465834435914,-46.9931391521016,540.0
1265,52,17,179.33711554997245,-52.12876573742304,540.0
1266,52,18,-155.98288695001847,-52.54518729473351,540.0
1267,52,19,-133.42103739302627,-48.08095325899913,540.0
1268,52,20,-115.70904675520798,-40.079779680019826,540.0
1269,52,21,-102.10765308114242,-29.9661500835523,540.0
1270,52,22,-91.15526241200699,-18.725191850492294,540.0
1271,52,23,-81.63316354252271,-6.958717039639576,540.0
1272,53,0,-67.1270098892308,5.016930982446867,540.0
1273,53,1,-57.71612520108477,16.863064388636523,540.0
1274,53,2,-47.090669117229,28.197725937500593,540.0
1275,53,3,-34.01989019922821,38.54736681162706,540.0
1276,53,4,-17.029341655640852,46.993139152101556,540.0
1277,53,5,4.773115549972433,52.12876573742308,540.0
1278,53,6,29.45311304998157,52.545187294733516,540.0
1279,53,7,52.014962606973754,48.08095325899914,540.0
1280,53,8,69.72695324479207,40.079779680019854,540.0
1281,53,9,83.3283469188577,29.966150083552275,540.0
1282,53,10,94.28073758799303,18.72519185049229,540.0
1283,53,11,103.80283645747731,6.95871703963957,540.0
1284,53,12,112.87299011076921,-5.016930982446867,540.0
1285,53,13,122.28387479891524,-16.863064388636523,540.0
1286,53,14,132.90933088277103,-28.197725937500593,540.0
1287,53,15,145.98010980077171,-38.547366811627036,540.0
1288,53,16,162.97065834435915,-46.993139152101556,540.0
1289,53,17,-175.22688445002757,-52.12876573742308,540.0
1290,53,18,-150.54688695001855,-52.545187294733545,540.0
1291,53,19,-127.98503739302625,-48.08095325899914,540.0
1292,53,20,-110.27304675520794,-40.079779680019854,540.0
1293,53,21,-96.67165308114231,-29.966150083552275,540.0
1294,53,22,-85.71926241200698,-18.725191850492315,540.0
1295,53,23,-76.1971635425227,-6.95871703963957,540.0
1296,54,0,-61.65500988923084,5.016930982446869,540.0
1297,54,1,-52.2441252010848,16.863064388636516,540.0
1298,54,2,-41.61866911722893,28.19772593750059,540.0
1299,54,3,-28.547890199228313,38.547366811627064,540.0
1300,54,4,-11.557341655640895,46.99313915210161,540.0
1301,54,5,10.24511554997248,52.128765737423045,540.0
1302,54,6,34.92511304998149,52.54518729473353,540.0
1303,54,7,57.48696260697377,48.080953258999095,540.0
1304,54,8,75.1989532447921,40.07977968001981,540.0
1305,54,9,88.80034691885764,29.966150083552268,540.0
1306,54,10,99.75273758799305,18.72519185049231,540.0
1307,54,11,109.27483645747732,6.958717039639566,540.0
1308,54,12,118.34499011076916,-5.016930982446869,540.0
1309,54,13,127.7558747989152,-16.863064388636516,540.0
1310,54,14,138.38133088277107,-28.19772593750059,540.0
1311,54,15,151.4521098007717,-38.547366811627064,540.0
1312,54,16,168.44265834435916,-46.993139152101556,540.0
1313,54,17,-169.75488445002753,-52.128765737423045,540.0
1314,54,18,-145.0748869500186,-52.54518729473348,540.0
1315,54,19,-122.51303739302632,-48.08095325899914,540.0
1316,54,20,-104.80104675520802,-40.07977968001981,540.0
1317,54,21,-91.19965308114236,-29.966150083552268,540.0
1318,54,22,-80.24726241200696,-18.72519185049231,540.0
1319,54,23,-70.72516354252276,-6.95871703963957,540.0
1320,55,0,-56.219009889230826,5.016930982446865,540.0
1321,55,1,-46.80812520108479,16.863064388636516,540.0
1322,55,2,-36.18266911722901,28.197725937500593,540.0
1323,55,3,-23.11189019922834,38.54736681162707,540.0
1324,55,4,-6.1213416556409035,46.99313915210161,540.0
1325,55,5,15.681115549972455,52.12876573742308,540.0
1326,55,6,40.36111304998146,52.54518729473347,540.0
1327,55,7,62.92296260697376,48.08095325899912,540.0
1328,55,8,80.63495324479202,40.07977968001982,540.0
1329,55,9,94.23634691885766,29.9661500835523,540.0
1330,55,10,105.18873758799297,18.725191850492312,540.0
1331,55,11,114.71083645747728,6.958717039639574,540.0
1332,55,12,123.78099011076918,-5.016930982446865,540.0
1333,55,13,133.19187479891522,-16.863064388636516,540.0
1334,55,14,143.817330882771,-28.197725937500593,540.0
1335,55,15,156.88810980077164,-38.54736681162707,540.0
1336,55,16,173.8786583443591,-46.99313915210161,540.0
1337,55,17,-164.31888445002755,-52.12876573742308,540.0
1338,55,18,-139.63888695001853,-52.54518729473347,540.0
1339,55,19,-117.07703739302625,-48.08095325899912,540.0
1340,55,20,-99.365046755208,-40.07977968001982,540.0
1341,55,21,-85.76365308114235,-29.9661500835523,540.0
1342,55,22,-74.81126241200704,-18.725191850492312,540.0
1343,55,23,-65.28916354252273,-6.958717039639574,540.0
1344,56,0,-50.74700988923075,5.016930982446868,540.0
1345,56,1,-41.33612520108478,16.863064388636516,540.0
1346,56,2,-30.710669117228914,28.19772593750059,540.0
1347,56,3,-17.639890199228226,38.547366811627086,540.0
1348,56,4,-0.6493416556407832,46.993139152101605,540.0
1349,56,5,21.15311554997242,52.12876573742308,540.0
1350,56,6,45.83311304998149,52.545187294733516,540.0
1351,56,7,68.39496260697378,48.080953258999116,540.0
1352,56,8,86.10695324479201,40.07977968001981,540.0
1353,56,9,99.70834691885774,29.96615008355228,540.0
1354,56,10,110.66073758799307,18.725191850492298,540.0
1355,56,11,120.18283645747735,6.95871703963957,540.0
1356,56,12,129.25299011076925,-5.016930982446868,540.0
1357,56,13,138.6638747989152,-16.863064388636516,540.0
1358,56,14,149.28933088277108,-28.19772593750059,540.0
1359,56,15,162.36010980077168,-38.547366811627064,540.0
1360,56,16,179.35065834435912,-46.993139152101605,540.0
1361,56,17,-158.84688445002757,-52.12876573742308,540.0
1362,56,18,-134.1668869500185,-52.545187294733516,540.0
1363,56,19,-111.60503739302628,-48.080953258999166,540.0
1364,56,20,-93.893046755208,-40.07977968001987,540.0
1365,56,21,-80.29165308114237,-29.966150083552293,540.0
1366,56,22,-69.33926241200702,-18.72519185049231,540.0
1367,56,23,-59.81716354252274,-6.958717039639574,540.0
1368,57,0,-45.31100988923085,5.0169309824468655,540.0
1369,57,1,-35.90012520108481,16.863064388636523,540.0
1370,57,2,-25.27466911722899,28.197725937500582,540.0
1371,57,3,-12.203890199228216,38.54736681162705,540.0
1372,57,4,4.786658344359096,46.993139152101605,540.0
1373,57,5,26.58911554997246,52.128765737423045,540.0
1374,57,6,51.269113049981435,52.545187294733516,540.0
1375,57,7,73.83096260697374,48.08095325899913,540.0
1376,57,8,91.54295324479209,40.07977968001983,540.0
1377,57,9,105.14434691885768,29.966150083552275,540.0
1378,57,10,116.09673758799306,18.72519185049231,540.0
1379,57,11,125.61883645747727,6.958717039639572,540.0
1380,57,12,134.68899011076914,-5.0169309824468655,540.0
1381,57,13,144.09987479891518,-16.863064388636523,540.0
1382,57,14,154.72533088277103,-28.197725937500582,540.0
1383,57,15,167.7961098007717,-38.54736681162704,540.0
1384,57,16,-175.2133416556409,-46.993139152101605,540.0
1385,57,17,-153.41088445002757,-52.128765737423045,540.0
1386,57,18,-128.73088695001857,-52.545187294733516,540.0
1387,57,19,-106.16903739302627,-48.08095325899913,540.0
1388,57,20,-88.45704675520803,-40.07977968001984,540.0
1389,57,21,-74.85565308114234,-29.966150083552275,540.0
1390,57,22,-63.90326241200704,-18.725191850492315,540.0
1391,57,23,-54.38116354252274,-6.958717039639572,540.0
1392,58,0,-39.83900988923085,5.0169309824468655,540.0
1393,58,1,-30.428125201084807,16.863064388636523,540.0
1394,58,2,-19.802669117228998,28.197725937500607,540.0
1395,58,3,-6.731890199228338,38.54736681162706,540.0
1396,58,4,10.258658344359127,46.9931391521016,540.0
1397,58,5,32.06111554997243,52.12876573742306,540.0
1398,58,6,56.7411130499815,52.545187294733495,540.0
1399,58,7,79.3029626069738,48.080953258999095,540.0
1400,58,8,97.01495324479207,40.07977968001981,540.0
1401,58,9,110.61634691885764,29.96615008355228,540.0
1402,58,10,121.568737587993,18.725191850492312,540.0
1403,58,11,131.09083645747734,6.958717039639574,540.0
1404,58,12,140.16099011076915,-5.0169309824468655,540.0
1405,58,13,149.57187479891513,-16.863064388636513,540.0
1406,58,14,160.197330882771,-28.197725937500607,540.0
1407,58,15,173.26810980077167,-38.54736681162706,540.0
1408,58,16,-169.74134165564087,-46.9931391521016,540.0
1409,58,17,-147.93888445002756,-52.12876573742306,540.0
1410,58,18,-123.25888695001849,-52.545187294733495,540.0
1411,58,19,-100.69703739302624,-48.08095325899916,540.0
1412,58,20,-82.98504675520805,-40.07977968001981,540.0
1413,58,21,-69.38365308114237,-29.96615008355228,540.0
1414,58,22,-58.431262412007015,-18.725191850492312,540.0
1415,58,23,-48.90916354252274,-6.958717039639566,540.0
1416,59,0,-34.403009889230816,5.0169309824468655,540.0
1417,59,1,-24.992125201084768,16.863064388636523,540.0
1418,59,2,-14.366669117229002,28.19772593750059,540.0
1419,59,3,-1.2958901992282288,38.54736681162706,540.0
1420,59,4,15.69465834435912,46.99313915210158,540.0
1421,59,5,37.49711554997237,52.128765737423066,540.0
1422,59,6,62.17711304998155,52.54518729473349,540.0
1423,59,7,84.73896260697376,48.08095325899913,540.0
1424,59,8,102.4509532447921,40.07977968001981,540.0
1425,59,9,116.0523469188577,29.966150083552254,540.0
1426,59,10,127.00473758799303,18.72519185049229,540.0
1427,59,11,136.52683645747734,6.958717039639572,540.0
1428,59,12,145.59699011076918,-5.0169309824468655,540.0
1429,59,13,155.00787479891514,-16.863064388636516,540.0
1430,59,14,165.63333088277108,-28.197725937500596,540.0
1431,59,15,178.70410980077168,-38.54736681162706,540.0
1432,59,16,-164.3053416556409,-46.99313915210158,540.0
1433,59,17,-142.50288445002747,-52.128765737423066,540.0
1434,59,18,-117.82288695001846,-52.54518729473349,540.0
1435,59,19,-95.26103739302626,-48.08095325899913,540.0
1436,59,20,-77.54904675520801,-40.079779680019826,540.0
1437,59,21,-63.947653081142285,-29.9661500835523,540.0
1438,59,22,-52.995262412007044,-18.725191850492312,540.0
1439,59,23,-43.47316354252266,-6.958717039639572,540.0
1440,60,0,-28.931009889230797,5.01693098244687,540.0
1441,60,1,-19.520125201084802,16.863064388636506,540.0
1442,60,2,-8.894669117228972,28.197725937500593,540.0
1443,60,3,4.176109800771737,38.54736681162705,540.0
1444,60,4,21.16665834435912,46.99313915210162,540.0
1445,60,5,42.96911554997245,52.128765737423045,540.0
1446,60,6,67.64911304998154,52.54518729473347,540.0
1447,60,7,90.21096260697385,48.08095325899912,540.0
1448,60,8,107.92295324479211,40.07977968001984,540.0
1449,60,9,121.52434691885773,29.966150083552293,540.0
1450,60,10,132.47673758799297,18.72519185049231,540.0
1451,60,11,141.9988364574773,6.958717039639574,540.0
1452,60,12,151.06899011076914,-5.016930982446867,540.0
1453,60,13,160.4798747989152,-16.863064388636506,540.0
1454,60,14,171.10533088277106,-28.197725937500593,540.0
1455,60,15,-175.82389019922826,-38.54736681162705,540.0
1456,60,16,-158.83334165564094,-46.99313915210156,540.0
1457,60,17,-137.03088445002754,-52.128765737423045,540.0
1458,60,18,-112.35088695001853,-52.54518729473353,540.0
1459,60,19,-89.78903739302629,-48.08095325899912,540.0
1460,60,20,-72.077046755208,-40.079779680019854,540.0
1461,60,21,-58.475653081142376,-29.96615008355231,540.0
1462,60,22,-47.523262412007035,-18.72519185049231,540.0
1463,60,23,-38.001163542522725,-6.958717039639574,540.0
1464,61,0,-23.495009889230857,5.016930982446865,540.0
1465,61,1,-14.084125201084838,16.863064388636502,540.0
1466,61,2,-3.4586691172290265,28.197725937500593,540.0
1467,61,3,9.612109800771668,38.54736681162706,540.0
1468,61,4,26.602658344359128,46.993139152101605,540.0
1469,61,5,48.40511554997241,52.12876573742304,540.0
1470,61,6,73.0851130499815,52.54518729473348,540.0
1471,61,7,95.64696260697372,48.080953258999116,540.0
1472,61,8,113.358953244792,40.07977968001981,540.0
1473,61,9,126.96034691885768,29.966150083552254,540.0
1474,61,10,137.91273758799298,18.725191850492315,540.0
1475,61,11,147.43483645747725,6.958717039639568,540.0
1476,61,12,156.50499011076914,-5.016930982446865,540.0
1477,61,13,165.91587479891515,-16.863064388636502,540.0
1478,61,14,176.54133088277098,-28.197725937500593,540.0
1479,61,15,-170.38789019922834,-38.54736681162706,540.0
1480,61,16,-153.39734165564087,-46.993139152101605,540.0
1481,61,17,-131.5948844500276,-52.12876573742304,540.0
1482,61,18,-106.91488695001851,-52.54518729473348,540.0
1483,61,19,-84.3530373930263,-48.080953258999116,540.0
1484,61,20,-66.64104675520801,-40.07977968001981,540.0
1485,61,21,-53.0396530811424,-29.966150083552286,540.0
1486,61,22,-42.08726241200701,-18.725191850492315,540.0
1487,61,23,-32.565163542522754,-6.958717039639568,540.0
1488,62,0,-18.0230098892308,5.016930982446866,540.0
1489,62,1,-8.612125201084783,16.863064388636513,540.0
1490,62,2,2.0133308827710272,28.197725937500596,540.0
1491,62,3,15.084109800771765,38.54736681162706,540.0
1492,62,4,32.07465834435922,46.993139152101605,540.0
1493,62,5,53.87711554997237,52.128765737423066,540.0
1494,62,6,78.55711304998155,52.54518729473347,540.0
1495,62,7,101.11896260697382,48.080953258999116,540.0
1496,62,8,118.83095324479204,40.07977968001981,540.0
1497,62,9,132.43234691885772,29.966150083552275,540.0
1498,62,10,143.38473758799304,18.725191850492312,540.0
1499,62,11,152.9068364574773,6.958717039639567,540.0
1500,62,12,161.9769901107692,-5.016930982446866,540.0
1501,62,13,171.38787479891522,-16.863064388636513,540.0
1502,62,14,-177.98666911722896,-28.197725937500596,540.0
1503,62,15,-164.91589019922824,-38.54736681162706,540.0
1504,62,16,-147.92534165564084,-46.99313915210155,540.0
1505,62,17,-126.12288445002751,-52.1287657374231,540.0
1506,62,18,-101.44288695001849,-52.545187294733545,540.0
1507,62,19,-78.8810373930263,-48.08095325899913,540.0
1508,62,20,-61.16904675520798,-40.07977968001981,540.0
1509,62,21,-47.567653081142296,-29.966150083552275,540.0
1510,62,22,-36.615262412006956,-18.725191850492312,540.0
1511,62,23,-27.093163542522724,-6.958717039639576,540.0
1512,63,0,-12.587009889230831,5.01693098244687,540.0
1513,63,1,-3.1761252010848158,16.863064388636527,540.0
1514,63,2,7.449330882771039,28.19772593750059,540.0
1515,63,3,20.520109800771756,38.54736681162707,540.0
1516,63,4,37.510658344359086,46.99313915210158,540.0
1517,63,5,59.31311554997236,52.128765737423045,540.0
1518,63,6,83.99311304998143,52.54518729473347,540.0
1519,63,7,106.55496260697372,48.08095325899911,540.0
1520,63,8,124.26695324479205,40.07977968001985,540.0
1521,63,9,137.86834691885767,29.96615008355228,540.0
1522,63,10,148.82073758799302,18.725191850492294,540.0
1523,63,11,158.34283645747726,6.958717039639568,540.0
1524,63,12,167.41299011076916,-5.01693098244687,540.0
1525,63,13,176.82387479891517,-16.863064388636527,540.0
1526,63,14,-172.55066911722898,-28.19772593750059,540.0
1527,63,15,-159.4798901992283,-38.54736681162703,540.0
1528,63,16,-142.4893416556409,-46.99313915210158,540.0
1529,63,17,-120.68688445002753,-52.128765737423066,540.0
1530,63,18,-96.00688695001858,-52.54518729473347,540.0
1531,63,19,-73.44503739302627,-48.080953258999166,540.0
1532,63,20,-55.733046755207965,-40.07977968001985,540.0
1533,63,21,-42.13165308114234,-29.96615008355228,540.0
1534,63,22,-31.17926241200702,-18.72519185049232,540.0
1535,63,23,-21.65716354252275,-6.958717039639568,540.0
1536,64,0,-7.115009889230821,5.016930982446866,540.0
1537,64,1,2.2958747989151838,16.86306438863652,540.0
1538,64,2,12.921330882770981,28.197725937500593,540.0
1539,64,3,25.9921098007717,38.547366811627086,540.0
1540,64,4,42.98265834435917,46.993139152101605,540.0
1541,64,5,64.78511554997237,52.128765737423066,540.0
1542,64,6,89.46511304998147,52.545187294733516,540.0
1543,64,7,112.02696260697375,48.08095325899913,540.0
1544,64,8,129.73895324479204,40.07977968001983,540.0
1545,64,9,143.34034691885773,29.966150083552275,540.0
1546,64,10,154.292737587993,18.72519185049232,540.0
1547,64,11,163.8148364574773,6.958717039639577,540.0
1548,64,12,172.88499011076917,-5.016930982446866,540.0
1549,64,13,-177.70412520108482,-16.86306438863652,540.0
1550,64,14,-167.07866911722903,-28.197725937500593,540.0
1551,64,15,-154.00789019922837,-38.547366811627036,540.0
1552,64,16,-137.0173416556409,-46.993139152101556,540.0
1553,64,17,-115.21488445002765,-52.128765737423066,540.0
1554,64,18,-90.53488695001855,-52.545187294733516,540.0
1555,64,19,-67.97303739302626,-48.08095325899913,540.0
1556,64,20,-50.26104675520803,-40.07977968001987,540.0
1557,64,21,-36.65965308114242,-29.966150083552286,540.0
1558,64,22,-25.707262412007076,-18.725191850492312,540.0
1559,64,23,-16.18516354252279,-6.958717039639574,540.0
1560,65,0,-1.6790098892308463,5.016930982446866,540.0
1561,65,1,7.731874798915218,16.863064388636516,540.0
1562,65,2,18.357330882771073,28.197725937500596,540.0
1563,65,3,31.42810980077177,38.54736681162705,540.0
1564,65,4,48.41865834435913,46.99313915210158,540.0
1565,65,5,70.2211155499724,52.128765737423066,540.0
1566,65,6,94.9011130499815,52.5451872947335,540.0
1567,65,7,117.46296260697373,48.08095325899911,540.0
1568,65,8,135.17495324479202,40.07977968001983,540.0
1569,65,9,148.77634691885768,29.96615008355228,540.0
1570,65,10,159.72873758799304,18.72519185049229,540.0
1571,65,11,169.25083645747733,6.95871703963957,540.0
1572,65,12,178.32099011076915,-5.016930982446866,540.0
1573,65,13,-172.26812520108479,-16.863064388636516,540.0
1574,65,14,-161.64266911722893,-28.197725937500596,540.0
1575,65,15,-148.57189019922822,-38.54736681162705,540.0
1576,65,16,-131.58134165564087,-46.99313915210158,540.0
1577,65,17,-109.77888445002762,-52.128765737423066,540.0
1578,65,18,-85.09888695001851,-52.5451872947335,540.0
1579,65,19,-62.53703739302629,-48.08095325899911,540.0
1580,65,20,-44.825046755207964,-40.07977968001983,540.0
1581,65,21,-31.223653081142313,-29.96615008355228,540.0
1582,65,22,-20.271262412006983,-18.72519185049232,540.0
1583,65,23,-10.749163542522753,-6.958717039639567,540.0
